tree
version=v4
num_class=1
num_tree_per_iteration=1
label_index=0
max_feature_idx=14
objective=regression
feature_names=GA90 Save% CS% PKsv PKA PKm Age Age_sq Min team_ppm is_premier_league league_bundesliga league_la_liga league_ligue_1 league_serie_a
feature_infos=[0.69999999999999996:2.6600000000000001] [54.399999999999999:82] [0:54.5] [0:3] [0:9] [0:3] [20:39] [0:196] [900:3420] [0.4731262736279952:2.6259483352812492] [0:1] [0:1] [0:1] [0:1] [0:1]
tree_sizes=768 796 808 777 799 777 779 789 803 776 819 780 779 792 792 722 818 820 512 799 722 799 514 722 798 797 586 605 822 610 722 817 605 790 708 610 795 610 804 606 797 756 609 698 792 625 789 804 801 609 776 793 790 794 623 627 763 765 609 613 719 790 611 608 720 606 795 516 555 814 597 519 795 814 517 835 515 615 636 532 632 819 520 783 536 635 813 599 518 508 520 635 616 535 634 519 616 536 580 702 537 817 603 637 504 603 518 537 637 809 536 519 537 598 585 617 519 506 810 794

Tree=0
num_leaves=7
num_cat=0
split_feature=6 0 6 0 14 1
split_gain=62.4144 15.8175 12.8314 5.46913 3.81094 1.5799
threshold=30.500000000000004 1.4550000000000003 33.500000000000007 1.3500000000000003 1.0000000180025095e-35 65.450000000000017
decision_type=2 2 2 2 2 2
left_child=1 4 3 -2 -1 -3
right_child=2 5 -4 -5 -6 -7
leaf_value=15.605608218415888 15.553182051467434 15.567704965812236 15.48653540776737 15.517925770244773 15.578613079285088 15.549671243050636
leaf_weight=25 13.000000000000002 14.000000000000002 13.999999999999998 15.999999999999998 13.999999999999998 17
leaf_count=25 13 14 14 16 14 17
internal_value=15.5559 15.5792 15.518 15.5335 15.5961 15.5577
internal_weight=113 70 43 29 39 31
internal_count=113 70 43 29 39 31
is_linear=0
shrinkage=1


Tree=1
num_leaves=7
num_cat=0
split_feature=6 0 6 0 0 1
split_gain=57.5688 14.5856 11.8226 5.03864 3.48189 1.45719
threshold=30.500000000000004 1.4550000000000003 33.500000000000007 1.3500000000000003 1.0100000000000002 65.450000000000017
decision_type=2 2 2 2 2 2
left_child=1 4 3 -2 -1 -3
right_child=2 5 -4 -5 -6 -7
leaf_value=0.056972923929041075 -0.0026002459671661139 0.011345930665942791 -0.066599871486636764 -0.036454881185330218 0.030129721078031944 -0.0059712496800729403
leaf_weight=11.999999999999998 13.000000000000002 14.000000000000002 13.999999999999998 15.999999999999998 27 17
leaf_count=12 13 14 14 16 27 17
internal_value=0 0.0223646 -0.0363816 -0.0214772 0.0386161 0.00173213
internal_weight=113 70 43 29 39 31
internal_count=113 70 43 29 39 31
is_linear=0
shrinkage=0.04


Tree=2
num_leaves=7
num_cat=0
split_feature=6 0 6 0 6 1
split_gain=53.1021 13.4512 10.8928 4.64187 3.3415 1.34878
threshold=30.500000000000004 1.4550000000000003 33.500000000000007 1.3500000000000003 27.500000000000004 65.750000000000014
decision_type=2 2 2 2 2 2
left_child=1 4 3 -2 -1 -3
right_child=2 5 -4 -5 -6 -7
leaf_value=0.04598815145720523 -0.0024970302417988079 0.010342165673805385 -0.063954770928579013 -0.035005744129234219 0.02068781188405152 -0.0062478709887273552
leaf_weight=25 13.000000000000002 15.000000000000002 13.999999999999998 15.999999999999998 13.999999999999998 15.999999999999998
leaf_count=25 13 15 14 16 14 16
internal_value=0 0.0214776 -0.0349435 -0.020629 0.0370844 0.00165839
internal_weight=113 70 43 29 39 31
internal_count=113 70 43 29 39 31
is_linear=0
shrinkage=0.04


Tree=3
num_leaves=7
num_cat=0
split_feature=7 9 9 8 9 7
split_gain=48.9808 14.8188 13.1338 5.94338 3.34898 2.50967
threshold=30.500000000000004 1.2781572966941079 1.3511873304104436 2656.5000000000005 1.009339522154584 56.500000000000007
decision_type=2 2 2 2 2 2
left_child=2 5 4 -4 -1 -2
right_child=1 -3 3 -5 -6 -7
leaf_value=-0.013773345012922544 -0.042622929102133125 -0.0092248816583393872 0.016544077470282879 0.052892392120551107 0.01222732205892401 -0.072095703110836518
leaf_weight=10.999999999999998 12.000000000000002 21 11.999999999999998 20 27 9.9999999999999982
leaf_count=11 12 21 12 20 27 10
internal_value=0 -0.0335626 0.0206248 0.0394804 0.00457943 -0.0564662
internal_weight=113 43 70 32 38 22
internal_count=113 43 70 32 38 22
is_linear=0
shrinkage=0.04


Tree=4
num_leaves=7
num_cat=0
split_feature=6 0 6 0 14 1
split_gain=45.1842 11.5918 9.96278 4.08547 3.42013 1.23255
threshold=30.500000000000004 1.4550000000000003 33.500000000000007 1.3500000000000003 1.0000000180025095e-35 65.450000000000017
decision_type=2 2 2 2 2 2
left_child=1 4 3 -2 -1 -3
right_child=2 5 -4 -5 -6 -7
leaf_value=0.043270432013439469 -0.0015338247331954139 0.010252376591905633 -0.05997820266595124 -0.032032116228564188 0.017787620133542001 -0.0056757545645473983
leaf_weight=25 13.000000000000002 14.000000000000002 13.999999999999998 15.999999999999998 13.999999999999998 17
leaf_count=25 13 14 14 16 14 17
internal_value=0 0.0198059 -0.032239 -0.0185502 0.0342939 0.00139881
internal_weight=113 70 43 29 39 31
internal_count=113 70 43 29 39 31
is_linear=0
shrinkage=0.04


Tree=5
num_leaves=7
num_cat=0
split_feature=7 9 9 8 9 8
split_gain=41.6787 13.5682 11.4637 5.3282 2.98224 2.28489
threshold=30.500000000000004 1.2781572966941079 1.3511873304104436 2656.5000000000005 1.009339522154584 2445.0000000000005
decision_type=2 2 2 2 2 2
left_child=2 -2 4 -4 -1 -3
right_child=1 5 3 -5 -6 -7
leaf_value=-0.013289383327638783 -0.052877426730022166 -0.021492058361815926 0.014909409016124475 0.049333572197909376 0.011246737647540455 0.0045985599681063818
leaf_weight=10.999999999999998 22 10.000000000000002 11.999999999999998 20 27 10.999999999999998
leaf_count=11 22 10 12 20 27 11
internal_value=0 -0.0309656 0.0190197 0.0366358 0.00402295 -0.00767895
internal_weight=113 43 70 32 38 21
internal_count=113 43 70 32 38 21
is_linear=0
shrinkage=0.04


Tree=6
num_leaves=7
num_cat=0
split_feature=6 6 8 0 0 0
split_gain=38.9624 11.9897 8.56365 7.41418 3.45305 2.11194
threshold=28.500000000000004 33.500000000000007 2656.5000000000005 1.2550000000000001 1.5700000000000003 1.425
decision_type=2 2 2 2 2 2
left_child=2 3 4 -2 -1 -4
right_child=1 -3 5 -5 -6 -7
leaf_value=0.017556020260227387 0.01282513578076008 -0.056356316830249539 0.045192866147500677 -0.024485829798140131 -0.011330771209957364 0.023074572645980895
leaf_weight=16.000000000000004 11.999999999999998 13.999999999999998 19 28 10.999999999999998 12.999999999999998
leaf_count=16 12 14 19 28 11 13
internal_value=0 -0.0245377 0.0224423 -0.0131887 0.00564134 0.0364318
internal_weight=113 54 59 40 27 32
internal_count=113 54 59 40 27 32
is_linear=0
shrinkage=0.04


Tree=7
num_leaves=7
num_cat=0
split_feature=6 9 8 9 0 6
split_gain=35.9281 14.2588 7.89794 4.35985 3.8536 3.75093
threshold=28.500000000000004 1.2781572966941079 2656.5000000000005 1.1803016117415519 1.5550000000000004 32.500000000000007
decision_type=2 2 2 2 2 2
left_child=2 4 -1 -4 -2 -3
right_child=1 5 3 -5 -6 -7
leaf_value=0.00541070282431766 -0.057380757114745114 0.011813534515123838 0.012366486689684415 0.044987047840567194 -0.02648076950138762 -0.018503098102394217
leaf_weight=27 15.000000000000002 14.000000000000002 9.9999999999999982 22 12.999999999999998 11.999999999999998
leaf_count=27 15 14 10 22 13 12
internal_value=0 -0.0235613 0.0215524 0.034988 -0.043322 -0.00204278
internal_weight=113 54 59 32 28 26
internal_count=113 54 59 32 28 26
is_linear=0
shrinkage=0.04


Tree=8
num_leaves=7
num_cat=0
split_feature=9 0 8 9 5 9
split_gain=22.0069 9.30626 9.01814 4.90568 3.33787 3.07088
threshold=1.2545817079548962 1.3750000000000002 2613.0000000000005 0.82265392432647111 1.0000000180025095e-35 1.7404475851242043
decision_type=2 2 2 2 2 2
left_child=1 -1 5 -3 -4 -2
right_child=2 3 4 -5 -6 -7
leaf_value=-0.049109918321589473 -0.01222521978403218 -0.033147080617375896 0.036229874293009438 -0.00014050724855220475 0.0083739166566641019 0.014759859501778546
leaf_weight=12.999999999999998 17.000000000000004 9.9999999999999982 26 26 9.9999999999999982 10.999999999999998
leaf_count=13 17 10 26 26 10 11
internal_value=0 -0.0201587 0.0154284 -0.00948623 0.0286475 -0.00146679
internal_weight=113 49 64 36 36 28
internal_count=113 49 64 36 36 28
is_linear=0
shrinkage=0.04


Tree=9
num_leaves=7
num_cat=0
split_feature=7 9 9 8 9 7
split_gain=32.1834 10.7025 8.76075 3.96329 2.31492 1.89905
threshold=30.500000000000004 1.2781572966941079 1.3511873304104436 2656.5000000000005 1.009339522154584 56.500000000000007
decision_type=2 2 2 2 2 2
left_child=2 5 4 -4 -1 -2
right_child=1 -3 3 -5 -6 -7
leaf_value=-0.011644228358526488 -0.034605491511092691 -0.0065063493645869152 0.013301088382636222 0.043083891468261602 0.0099620468218465479 -0.060271329209946177
leaf_weight=10.999999999999998 12.000000000000002 21 11.999999999999998 20 27 9.9999999999999982
leaf_count=11 12 21 12 20 27 10
internal_value=0 -0.02721 0.016714 0.0321162 0.00358847 -0.0466727
internal_weight=113 43 70 32 38 22
internal_count=113 43 70 32 38 22
is_linear=0
shrinkage=0.04


Tree=10
num_leaves=7
num_cat=0
split_feature=7 9 9 10 7 8
split_gain=29.6915 9.87017 8.16457 8.84588 1.74313 1.73704
threshold=30.500000000000004 1.2781572966941079 1.9114229037671977 1.0000000180025095e-35 56.500000000000007 2445.0000000000005
decision_type=2 2 2 2 2 2
left_child=2 4 3 -1 -2 -3
right_child=1 5 -4 -5 -6 -7
leaf_value=0.0020301472924396614 -0.033232711605296637 -0.018308665508791653 0.046038237120494374 0.041845057332837908 -0.057884344700539478 0.0044233224735603675
leaf_weight=47 12.000000000000002 10.000000000000002 11.999999999999998 10.999999999999998 9.9999999999999982 10.999999999999998
leaf_count=47 12 10 12 11 10 11
internal_value=0 -0.0261384 0.0160508 0.00970912 -0.0448302 -0.00624733
internal_weight=113 43 70 58 22 21
internal_count=113 43 70 58 22 21
is_linear=0
shrinkage=0.04


Tree=11
num_leaves=7
num_cat=0
split_feature=6 6 8 0 0 0
split_gain=27.8563 9.98359 6.50146 5.24537 2.86957 1.41499
threshold=28.500000000000004 33.500000000000007 2656.5000000000005 1.2550000000000001 1.5700000000000003 1.425
decision_type=2 2 2 2 2 2
left_child=2 3 4 -2 -1 -4
right_child=1 -3 5 -5 -6 -7
leaf_value=0.015197863747012907 0.011457695536746467 -0.049777598033348712 0.038396250574766644 -0.019906199336005539 -0.01114147491283245 0.020073186907888826
leaf_weight=16.000000000000004 11.999999999999998 13.999999999999998 19 28 10.999999999999998 12.999999999999998
leaf_count=16 12 14 19 28 11 13
internal_value=0 -0.0207503 0.0189736 -0.0103922 0.00431791 0.0311628
internal_weight=113 54 59 40 27 32
internal_count=113 54 59 40 27 32
is_linear=0
shrinkage=0.04


Tree=12
num_leaves=7
num_cat=0
split_feature=6 6 8 0 0 0
split_gain=25.6875 9.20539 5.9964 4.83824 2.64704 1.29833
threshold=28.500000000000004 33.500000000000007 2656.5000000000005 1.2550000000000001 1.5700000000000003 1.425
decision_type=2 2 2 2 2 2
left_child=2 3 4 -2 -1 -4
right_child=1 -3 5 -5 -6 -7
leaf_value=0.014593725511746375 0.011003175002161015 -0.047800613510693223 0.03686844138496833 -0.019112784327455265 -0.010699831343985894 0.01927638880453492
leaf_weight=16.000000000000004 11.999999999999998 13.999999999999998 19 28 10.999999999999998 12.999999999999998
leaf_count=16 12 14 19 28 11 13
internal_value=0 -0.0199246 0.0182216 -0.00997334 0.00413988 0.0299286
internal_weight=113 54 59 40 27 32
internal_count=113 54 59 40 27 32
is_linear=0
shrinkage=0.04


Tree=13
num_leaves=7
num_cat=0
split_feature=6 9 8 0 9 6
split_gain=23.6877 10.0607 5.53063 3.14844 2.93849 2.57584
threshold=28.500000000000004 1.2781572966941079 2656.5000000000005 1.5550000000000004 1.1803016117415519 32.500000000000007
decision_type=2 2 2 2 2 2
left_child=2 3 -1 -2 -4 -3
right_child=1 5 4 -5 -6 -7
leaf_value=0.0039689590729690563 -0.04840754669628395 0.010421172261555142 0.01007372775880417 -0.020536257604151283 0.036964684705591305 -0.01470958324995908
leaf_weight=27 15.000000000000002 14.000000000000002 9.9999999999999982 12.999999999999998 22 11.999999999999998
leaf_count=27 15 14 10 13 22 12
internal_value=0 -0.0191317 0.0174995 -0.0357288 0.0287434 -0.0010363
internal_weight=113 54 59 28 32 26
internal_count=113 54 59 28 32 26
is_linear=0
shrinkage=0.04


Tree=14
num_leaves=7
num_cat=0
split_feature=6 9 8 0 9 0
split_gain=21.852 9.28006 5.0981 2.89619 2.70315 2.441
threshold=28.500000000000004 1.2781572966941079 2656.5000000000005 1.5550000000000004 1.1803016117415519 1.5700000000000003
decision_type=2 2 2 2 2 2
left_child=2 3 5 -2 -4 -1
right_child=1 -3 4 -5 -6 -7
leaf_value=0.013855829625766466 -0.046484067724240526 -0.0009893749174715459 0.0096747684360730772 -0.01972107837673362 0.035492788190485659 -0.010433021515339345
leaf_weight=16.000000000000004 15.000000000000002 26 9.9999999999999982 12.999999999999998 22 10.999999999999998
leaf_count=16 15 26 10 13 22 11
internal_value=0 -0.0183748 0.0168084 -0.0343151 0.0276045 0.00381079
internal_weight=113 54 59 28 32 27
internal_count=113 54 59 28 32 27
is_linear=0
shrinkage=0.04


Tree=15
num_leaves=6
num_cat=0
split_feature=6 6 0 10 0
split_gain=20.4074 6.61351 6.44496 6.94475 2.32628
threshold=30.500000000000004 33.500000000000007 1.0100000000000002 1.0000000180025095e-35 1.3500000000000003
decision_type=2 2 2 2 2
left_child=2 4 -1 -4 -2
right_child=1 -3 3 -5 -6
leaf_value=0.039950191610115621 0.0017731039510428448 -0.044240667278884996 0.00085922622420447393 0.036135286661955694 -0.020702443692069618
leaf_weight=11.999999999999998 13.000000000000002 13.999999999999998 47 10.999999999999998 15.999999999999998
leaf_count=12 13 14 47 11 16
internal_value=0 -0.0216676 0.0133091 0.00766904 -0.0105183
internal_weight=113 43 70 58 29
internal_count=113 43 70 58 29
is_linear=0
shrinkage=0.04


Tree=16
num_leaves=7
num_cat=0
split_feature=6 9 9 10 6 6
split_gain=18.8365 8.42348 4.62623 5.45081 2.37792 2.10252
threshold=28.500000000000004 1.2781572966941079 1.9114229037671977 1.0000000180025095e-35 32.500000000000007 32.500000000000007
decision_type=2 2 2 2 2 2
left_child=2 4 3 -1 -2 -3
right_child=1 5 -4 -5 -6 -7
leaf_value=0.0025882159173739646 -0.022909416887569568 0.0098477101325988754 0.039022555657335235 0.034702897157754986 -0.048255908937737492 -0.012865960270412698
leaf_weight=37 18.000000000000004 14.000000000000002 10.999999999999998 10.999999999999998 9.9999999999999982 11.999999999999998
leaf_count=37 18 14 11 11 10 12
internal_value=0 -0.0170586 0.015607 0.0100878 -0.0322436 -0.000491395
internal_weight=113 54 59 48 28 26
internal_count=113 54 59 48 28 26
is_linear=0
shrinkage=0.04


Tree=17
num_leaves=7
num_cat=0
split_feature=6 9 9 10 8 8
split_gain=17.4696 7.02622 6.08559 6.01472 1.47559 1.20911
threshold=30.500000000000004 1.2781572966941079 1.9114229037671977 1.0000000180025095e-35 2656.5000000000005 2445.0000000000005
decision_type=2 2 2 2 2 2
left_child=2 4 3 -1 -2 -3
right_child=1 5 -4 -5 -6 -7
leaf_value=0.00049623750719674832 -0.045675109688900706 -0.013369692351558415 0.038200898239435246 0.033327286930771569 -0.023231217743146543 0.0056301454756710976
leaf_weight=47 12.000000000000002 10.000000000000002 11.999999999999998 10.999999999999998 9.9999999999999982 10.999999999999998
leaf_count=47 12 10 12 11 10 11
internal_value=0 -0.0200428 0.0123186 0.00683831 -0.0358056 -0.00324831
internal_weight=113 43 70 58 22 21
internal_count=113 43 70 58 22 21
is_linear=0
shrinkage=0.04


Tree=18
num_leaves=4
num_cat=0
split_feature=7 0 10
split_gain=16.5822 6.97107 7.2259
threshold=72.500000000000014 0.95500000000000007 1.0000000180025095e-35
decision_type=2 2 2
left_child=1 -1 -3
right_child=-2 2 -4
leaf_value=0.035666271485723898 -0.040588159070792773 -0.0042176984792654569 0.023058190499965232
leaf_weight=10.999999999999998 13.999999999999998 68 20
leaf_count=11 14 68 20
internal_value=0 0.00577336 0.0019551
internal_weight=113 99 88
internal_count=113 99 88
is_linear=0
shrinkage=0.04


Tree=19
num_leaves=7
num_cat=0
split_feature=6 6 8 10 0 6
split_gain=15.5814 6.52322 4.51262 3.74561 1.86608 0.982657
threshold=28.500000000000004 33.500000000000007 2656.5000000000005 1.0000000180025095e-35 1.5700000000000003 24.500000000000004
decision_type=2 2 2 2 2 2
left_child=2 3 4 -2 -1 -4
right_child=1 -3 5 -5 -6 -7
leaf_value=0.010792380947018074 -0.014246226090479928 -0.038976147014198576 0.03452648013561696 0.013781737003586082 -0.010468049715231131 0.01868636648704726
leaf_weight=16.000000000000004 30 13.999999999999998 10.999999999999998 9.9999999999999982 10.999999999999998 21
leaf_count=16 30 14 11 10 11 21
internal_value=0 -0.0155116 0.0141978 -0.00712259 0.00197646 0.0243466
internal_weight=113 54 59 40 27 32
internal_count=113 54 59 40 27 32
is_linear=0
shrinkage=0.04


Tree=20
num_leaves=6
num_cat=0
split_feature=6 6 10 6 8
split_gain=14.4425 4.78338 4.6359 2.44821 0.558788
threshold=30.500000000000004 33.500000000000007 1.0000000180025095e-35 23.500000000000004 2656.5000000000005
decision_type=2 2 2 2 2
left_child=2 4 3 -1 -2
right_child=1 -3 -4 -5 -6
leaf_value=0.020658816517667572 -0.01451238800025155 -0.037428157786105545 0.032738603690198362 0.0013283195891125848 -0.0029751742754550959
leaf_weight=13.999999999999998 14.000000000000002 13.999999999999998 12.999999999999998 43 14.999999999999998
leaf_count=14 14 14 13 43 15
internal_value=0 -0.0182201 0.0112042 0.00617408 -0.00871305
internal_weight=113 43 70 57 29
internal_count=113 43 70 57 29
is_linear=0
shrinkage=0.04


Tree=21
num_leaves=7
num_cat=0
split_feature=6 9 8 8 9 3
split_gain=13.3524 7.19852 4.09467 2.44833 1.966 1.75816
threshold=28.500000000000004 1.2781572966941079 2656.5000000000005 2656.5000000000005 1.1803016117415519 1.0000000180025095e-35
decision_type=2 2 2 2 2 2
left_child=2 3 5 -2 -4 -1
right_child=1 -3 4 -5 -6 -7
leaf_value=-0.0081395298866092716 -0.042270303639498616 0.00065880563067293721 0.0074625938009507588 -0.017544305638311813 0.029540515181300863 0.012168841079901195
leaf_weight=14.000000000000002 12.000000000000002 26 9.9999999999999982 15.999999999999998 22 12.999999999999998
leaf_count=14 12 26 10 16 22 13
internal_value=0 -0.0143575 0.0131449 -0.0283962 0.0228105 0.0014998
internal_weight=113 54 59 28 32 27
internal_count=113 54 59 28 32 27
is_linear=0
shrinkage=0.04


Tree=22
num_leaves=4
num_cat=0
split_feature=6 0 10
split_gain=12.6499 6.07791 6.07551
threshold=33.500000000000007 0.95500000000000007 1.0000000180025095e-35
decision_type=2 2 2
left_child=1 -1 -3
right_child=-2 2 -4
leaf_value=0.032955143827575827 -0.035447540207112091 -0.0041783511037452809 0.020833800728641338
leaf_weight=10.999999999999998 13.999999999999998 68 20
leaf_count=11 14 68 20
internal_value=0 0.00504557 0.00147802
internal_weight=113 99 88
internal_count=113 99 88
is_linear=0
shrinkage=0.04


Tree=23
num_leaves=6
num_cat=0
split_feature=6 0 10 6 0
split_gain=11.9228 4.62638 4.20303 3.96091 1.6588
threshold=30.500000000000004 1.0100000000000002 1.0000000180025095e-35 33.500000000000007 1.3500000000000003
decision_type=2 2 2 2 2
left_child=1 -1 -3 4 -2
right_child=3 2 -4 -5 -6
leaf_value=0.032749657079207996 0.0024582999853687425 8.0742925334318426e-05 0.027534521571150772 -0.034039695364363652 -0.016502931088394259
leaf_weight=11.999999999999998 13.000000000000002 47 10.999999999999998 13.999999999999998 15.999999999999998
leaf_count=12 13 47 11 14 16
internal_value=0 0.0101813 0.00539477 -0.0165534 -0.00788637
internal_weight=113 70 58 43 29
internal_count=113 70 58 43 29
is_linear=0
shrinkage=0.04


Tree=24
num_leaves=7
num_cat=0
split_feature=6 6 8 0 3 6
split_gain=11.115 4.54237 3.681 2.67622 1.62011 0.867182
threshold=28.500000000000004 33.500000000000007 2656.5000000000005 1.2550000000000001 1.0000000180025095e-35 24.500000000000004
decision_type=2 2 2 2 2 2
left_child=2 3 4 -2 -1 -4
right_child=1 -3 5 -5 -6 -7
leaf_value=-0.0082980557347495914 0.0094868303872337034 -0.032687764159331091 0.030689414965139859 -0.012894442043270504 0.011209044979728815 0.015856164640159969
leaf_weight=14.000000000000002 11.999999999999998 13.999999999999998 10.999999999999998 28 12.999999999999998 21
leaf_count=14 12 14 11 28 13 21
internal_value=0 -0.013095 0.0119975 -0.0060734 0.000953354 0.0211594
internal_weight=113 54 59 40 27 32
internal_count=113 54 59 40 27 32
is_linear=0
shrinkage=0.04


Tree=25
num_leaves=7
num_cat=0
split_feature=6 9 8 0 9 0
split_gain=10.251 6.35953 3.39588 2.29204 1.62969 1.57485
threshold=28.500000000000004 1.2781572966941079 2656.5000000000005 1.5550000000000004 1.1803016117415519 1.5700000000000003
decision_type=2 2 2 2 2 2
left_child=2 3 5 -2 -4 -1
right_child=1 -3 4 -5 -6 -7
leaf_value=0.0090329377260637538 -0.036548355817794795 0.0015329859060345934 0.0063173377041769495 -0.012853294444903166 0.026452034188611476 -0.010520377169858229
leaf_weight=16.000000000000004 15.000000000000002 26 9.9999999999999982 12.999999999999998 22 10.999999999999998
leaf_count=16 15 26 10 13 22 11
internal_value=0 -0.0125739 0.0115237 -0.0257743 0.0203238 0.000909746
internal_weight=113 54 59 28 32 27
internal_count=113 54 59 28 32 27
is_linear=0
shrinkage=0.04


Tree=26
num_leaves=5
num_cat=0
split_feature=6 9 6 9
split_gain=9.63902 8.54815 3.24547 2.08547
threshold=33.500000000000007 1.3511873304104436 28.500000000000004 1.9114229037671977
decision_type=2 2 2 2
left_child=1 2 -1 -3
right_child=-2 3 -4 -5
leaf_value=0.0036139261108696259 -0.030936657498914302 0.01193987834496006 -0.015214715677436137 0.031779693899861051
leaf_weight=30 13.999999999999998 28 28 12.999999999999998
leaf_count=30 14 28 28 13
internal_value=0 0.0044104 -0.00541746 0.0183899
internal_weight=113 99 58 41
internal_count=113 99 58 41
is_linear=0
shrinkage=0.04


Tree=27
num_leaves=5
num_cat=0
split_feature=6 9 1 9
split_gain=8.88945 7.88311 3.15063 1.92011
threshold=33.500000000000007 1.3511873304104436 72.450000000000017 1.9114229037671977
decision_type=2 2 2 2
left_child=1 2 -1 -3
right_child=-2 3 -4 -5
leaf_value=-8.3482465035635188e-05 -0.029707968027879162 0.011463982929538577 -0.022464542470815529 0.030518210041158983
leaf_weight=45 13.999999999999998 28 12.999999999999998 12.999999999999998
leaf_count=45 14 28 13 13
internal_value=0 0.00423689 -0.0051988 0.0176624
internal_weight=113 99 58 41
internal_count=113 99 58 41
is_linear=0
shrinkage=0.04


Tree=28
num_leaves=7
num_cat=0
split_feature=6 9 9 10 8 8
split_gain=8.32519 5.23754 3.8162 3.58937 1.36276 0.57255
threshold=30.500000000000004 1.2781572966941079 1.9114229037671977 1.0000000180025095e-35 2656.5000000000005 2445.0000000000005
decision_type=2 2 2 2 2 2
left_child=2 4 3 -1 -2 -3
right_child=1 5 -4 -5 -6 -7
leaf_value=-0.00058626897775443496 -0.036761514244000766 -0.0064048239264157718 0.029004769980414846 0.024628442235895109 -0.015566680136293467 0.0067350522408614289
leaf_weight=47 12.000000000000002 10.000000000000002 11.999999999999998 10.999999999999998 9.9999999999999982 10.999999999999998
leaf_count=47 12 10 12 11 10 11
internal_value=0 -0.0138276 0.00851241 0.00416114 -0.0274225 0.000287695
internal_weight=113 43 70 58 22 21
internal_count=113 43 70 58 22 21
is_linear=0
shrinkage=0.04


Tree=29
num_leaves=5
num_cat=0
split_feature=6 9 10 8
split_gain=7.90157 6.80762 2.92265 2.09139
threshold=33.500000000000007 1.3511873304104436 1.0000000180025095e-35 2656.5000000000005
decision_type=2 2 2 2
left_child=1 2 -1 -3
right_child=-2 3 -4 -5
leaf_value=-0.0091684983759295919 -0.028011925247966821 0.0048163173120954758 0.013559146432189256 0.023718007368395529
leaf_weight=47 13.999999999999998 15.999999999999998 10.999999999999998 25
leaf_count=47 14 16 11 25
internal_value=0 0.00399127 -0.00477332 0.0164687
internal_weight=113 99 58 41
internal_count=113 99 58 41
is_linear=0
shrinkage=0.04


Tree=30
num_leaves=6
num_cat=0
split_feature=6 0 14 8 0
split_gain=7.36246 3.27064 3.5736 2.79017 2.84755
threshold=30.500000000000004 1.0100000000000002 1.0000000180025095e-35 1994.0000000000002 1.3750000000000002
decision_type=2 2 2 2 2
left_child=1 -1 -3 -2 -5
right_child=3 2 -4 4 -6
leaf_value=0.026982412929377281 -0.029396258336453401 0.0090968007360001189 -0.015262960555139654 0.005078841675512538 -0.018974750253637106
leaf_weight=11.999999999999998 11.999999999999998 46 11.999999999999998 16.000000000000004 14.999999999999998
leaf_count=12 12 46 12 16 15
internal_value=0 0.00800525 0.00397041 -0.0130033 -0.00645496
internal_weight=113 70 58 43 31
internal_count=113 70 58 43 31
is_linear=0
shrinkage=0.04


Tree=31
num_leaves=7
num_cat=0
split_feature=6 9 9 10 6 9
split_gain=6.88422 4.8433 2.30699 2.60797 1.20074 0.814875
threshold=28.500000000000004 1.2781572966941079 1.9114229037671977 1.0000000180025095e-35 32.500000000000007 1.7404475851242043
decision_type=2 2 2 2 2 2
left_child=2 4 3 -1 -2 -3
right_child=1 5 -4 -5 -6 -7
leaf_value=0.0003111317087055217 -0.015099857854785508 -0.0038760465048006819 0.025983086421683028 0.022534454599157112 -0.033277879498972755 0.010311670871871013
leaf_weight=37 18.000000000000004 15.000000000000002 10.999999999999998 10.999999999999998 9.9999999999999982 10.999999999999998
leaf_count=37 18 15 11 11 10 11
internal_value=0 -0.0103047 0.00944311 0.0055234 -0.0218297 0.0019897
internal_weight=113 54 59 48 28 26
internal_count=113 54 59 48 28 26
is_linear=0
shrinkage=0.04


Tree=32
num_leaves=5
num_cat=0
split_feature=6 9 1 0
split_gain=6.57604 5.58938 3.58688 1.37336
threshold=33.500000000000007 1.4872193407669003 72.450000000000017 1.0700000000000003
decision_type=2 2 2 2
left_child=1 2 -1 -3
right_child=-2 3 -4 -5
leaf_value=0.0018206536598685994 -0.025552342413587774 0.026329246404155203 -0.020830864817538163 0.0091534016634288572
leaf_weight=53 13.999999999999998 14.999999999999998 13.999999999999998 17
leaf_count=53 14 15 14 17
internal_value=0 0.00364335 -0.00287688 0.0173861
internal_weight=113 99 67 32
internal_count=113 99 67 32
is_linear=0
shrinkage=0.04


Tree=33
num_leaves=7
num_cat=0
split_feature=6 8 8 0 3 6
split_gain=6.06762 2.94429 2.78643 2.84669 1.36865 0.722716
threshold=28.500000000000004 2656.5000000000005 1994.0000000000002 1.3750000000000002 1.0000000180025095e-35 24.500000000000004
decision_type=2 2 2 2 2 2
left_child=1 4 -2 -4 -1 -3
right_child=2 5 3 -5 -6 -7
leaf_value=-0.0095033030814312847 -0.025799266987174524 0.025715163180956974 0.0057274600828145913 -0.015229539976487705 0.008428362926454035 0.012238989596683267
leaf_weight=14.000000000000002 12.999999999999998 10.999999999999998 21 20 12.999999999999998 21
leaf_count=14 13 11 21 20 13 21
internal_value=0 0.00886795 -0.00967162 -0.00441032 -0.000722694 0.0170617
internal_weight=113 59 54 41 27 32
internal_count=113 59 54 41 27 32
is_linear=0
shrinkage=0.04


Tree=34
num_leaves=6
num_cat=0
split_feature=9 1 10 9 9
split_gain=5.92835 3.41907 2.23361 2.51149 1.37039
threshold=1.2545817079548962 71.350000000000009 1.0000000180025095e-35 1.9751371947001426 1.1362011872681299
decision_type=2 2 2 2 2
left_child=1 4 3 -2 -1
right_child=2 -3 -4 -5 -6
leaf_value=-0.0088962672150883337 -0.00072850976529938486 -0.026329319479054966 0.022146902570487761 0.020749059298017007 0.0081052647839795367
leaf_weight=23 39 14.999999999999998 13.999999999999998 10.999999999999998 10.999999999999998
leaf_count=23 39 15 14 11 11
internal_value=0 -0.0104503 0.0080203 0.0039487 -0.00327083
internal_weight=113 49 64 50 34
internal_count=113 49 64 50 34
is_linear=0
shrinkage=0.04


Tree=35
num_leaves=5
num_cat=0
split_feature=7 9 10 9
split_gain=5.59549 4.74964 3.97584 0.828914
threshold=72.500000000000014 1.4872193407669003 1.0000000180025095e-35 1.9114229037671977
decision_type=2 2 2 2
left_child=1 2 -1 -3
right_child=-2 3 -4 -5
leaf_value=-0.0081510173799123793 -0.023567737548063836 0.010245994522543479 0.014606735817393902 0.024043412954752683
leaf_weight=51 13.999999999999998 19 15.999999999999998 12.999999999999998
leaf_count=51 14 19 16 13
internal_value=0 0.00336346 -0.00264305 0.0160332
internal_weight=113 99 67 32
internal_count=113 99 67 32
is_linear=0
shrinkage=0.04


Tree=36
num_leaves=7
num_cat=0
split_feature=9 6 10 9 9 6
split_gain=5.197 4.28782 1.94033 2.16726 0.814399 0.254365
threshold=1.2545817079548962 31.500000000000004 1.0000000180025095e-35 1.9751371947001426 1.009339522154584 32.500000000000007
decision_type=2 2 2 2 2 2
left_child=1 4 3 -2 -1 -3
right_child=2 5 -4 -5 -6 -7
leaf_value=-0.0084714318905864724 -0.00062778576779777139 -0.017972432355774507 0.02068312536845816 0.01931664544182855 0.0052896503947716389 -0.029355139106807149
leaf_weight=11.000000000000002 39 10.000000000000002 13.999999999999998 10.999999999999998 18 9.9999999999999982
leaf_count=11 39 10 14 11 18 10
internal_value=0 -0.00978205 0.00751171 0.00370995 0 -0.0239805
internal_weight=113 49 64 50 29 20
internal_count=113 49 64 50 29 20
is_linear=0
shrinkage=0.04


Tree=37
num_leaves=5
num_cat=0
split_feature=6 9 10 0
split_gain=4.97871 4.16866 3.51772 1.13734
threshold=33.500000000000007 1.4872193407669003 1.0000000180025095e-35 1.0700000000000003
decision_type=2 2 2 2
left_child=1 2 -1 -3
right_child=-2 3 -4 -5
leaf_value=-0.0076353622158285804 -0.022230964522835212 0.023178543401080255 0.013769322528694727 0.0075374630897452949
leaf_weight=51 13.999999999999998 14.999999999999998 15.999999999999998 17
leaf_count=51 14 15 16 17
internal_value=0 0.00317261 -0.00245128 0.0150432
internal_weight=113 99 67 32
internal_count=113 99 67 32
is_linear=0
shrinkage=0.04


Tree=38
num_leaves=7
num_cat=0
split_feature=6 9 8 8 3 6
split_gain=4.72359 3.4501 2.67153 1.93267 1.25146 0.685293
threshold=28.500000000000004 1.2781572966941079 2613.0000000000005 2656.5000000000005 1.0000000180025095e-35 24.500000000000004
decision_type=2 2 2 2 2 2
left_child=2 3 4 -2 -1 -4
right_child=1 -3 5 -5 -6 -7
leaf_value=-0.010640293978552779 -0.030476162039543966 0.0018250695825465222 0.023647019648337153 -0.0087178329123843521 0.0071308752032350903 0.010789450870189832
leaf_weight=13.000000000000002 12.000000000000002 26 10.999999999999998 15.999999999999998 11.999999999999998 23
leaf_count=13 12 26 11 16 12 23
internal_value=0 -0.00853021 0.00782765 -0.0182605 -0.00195635 0.0151237
internal_weight=113 54 59 28 25 34
internal_count=113 54 59 28 25 34
is_linear=0
shrinkage=0.04


Tree=39
num_leaves=5
num_cat=0
split_feature=6 9 1 9
split_gain=4.46749 3.70623 2.86565 0.662406
threshold=33.500000000000007 1.4872193407669003 72.450000000000017 1.9114229037671977
decision_type=2 2 2 2
left_child=1 2 -1 -3
right_child=-2 3 -4 -5
leaf_value=0.0019002901825864436 -0.021055887654318033 0.0089931569815033096 -0.018345931197734592 0.021382411317970917
leaf_weight=53 13.999999999999998 19 13.999999999999998 12.999999999999998
leaf_count=53 14 19 14 13
internal_value=0 0.00300814 -0.00229169 0.0142018
internal_weight=113 99 67 32
internal_count=113 99 67 32
is_linear=0
shrinkage=0.04


Tree=40
num_leaves=7
num_cat=0
split_feature=8 6 6 0 14 6
split_gain=4.25767 3.02783 1.87689 1.2824 0.896303 0.154203
threshold=2656.5000000000005 27.500000000000004 32.500000000000007 1.4550000000000003 1.0000000180025095e-35 24.500000000000004
decision_type=2 2 2 2 2 2
left_child=2 5 4 -3 -1 -2
right_child=1 3 -4 -5 -6 -7
leaf_value=-0.00028698105722983958 0.022442802141110097 0.0062699100375175464 -0.023182972954703614 -0.0085721193115163279 -0.01347226334751145 0.014049006081719438
leaf_weight=28 11.000000000000002 22 10.999999999999998 15.999999999999998 11.999999999999998 12.999999999999998
leaf_count=28 11 22 11 16 12 13
internal_value=0 0.00704849 -0.0085403 0 -0.00436605 0.0181393
internal_weight=113 62 51 38 40 24
internal_count=113 62 51 38 40 24
is_linear=0
shrinkage=0.04


Tree=41
num_leaves=7
num_cat=0
split_feature=9 6 8 6 8 0
split_gain=3.99515 3.45165 1.56549 0.975656 0.814478 0.560494
threshold=1.2545817079548962 31.500000000000004 2613.0000000000005 27.500000000000004 2745.0000000000005 1.2250000000000003
decision_type=2 2 2 2 2 2
left_child=1 4 5 -4 -1 -2
right_child=2 -3 3 -5 -6 -7
leaf_value=-0.0082735387913815579 0.0064725911214544938 -0.021317140709108381 0.018381573348769342 0.0047696938239342977 0.00548097964098358 -0.0050474946209561741
leaf_weight=11.000000000000002 11.000000000000002 20 19 17 18 17
leaf_count=11 11 20 19 17 18 17
internal_value=0 -0.00857648 0.00658632 0.0120956 0.000115789 -0.00037247
internal_weight=113 49 64 36 29 28
internal_count=113 49 64 36 29 28
is_linear=0
shrinkage=0.04


Tree=42
num_leaves=5
num_cat=0
split_feature=7 9 10 0
split_gain=3.74079 3.19298 3.12404 0.93596
threshold=72.500000000000014 1.4872193407669003 1.0000000180025095e-35 1.0700000000000003
decision_type=2 2 2 2
left_child=1 2 -1 -3
right_child=-2 3 -4 -5
leaf_value=-0.007051312560817034 -0.019266684558374662 0.020525654710286504 0.013120187313660332 0.0063161987922432132
leaf_weight=51 13.999999999999998 14.999999999999998 15.999999999999998 17
leaf_count=51 14 15 16 17
internal_value=0 0.00275335 -0.00216225 0.0131447
internal_weight=113 99 67 32
internal_count=113 99 67 32
is_linear=0
shrinkage=0.04


Tree=43
num_leaves=6
num_cat=0
split_feature=6 9 4 14 13
split_gain=3.53961 2.9533 1.66815 1.21106 0.808071
threshold=28.500000000000004 1.4170862990429072 2.5000000000000004 1.0000000180025095e-35 1.0000000180025095e-35
decision_type=2 2 2 2 2
left_child=3 2 -2 4 -1
right_child=1 -3 -4 -5 -6
leaf_value=0.01341518842513641 -0.027803215095312292 0.0062337364311934552 -0.0083056408782726729 -0.0032640917123632224 0.0012258291972502499
leaf_weight=32 9.9999999999999982 17 27 13.999999999999998 12.999999999999998
leaf_count=32 10 17 27 14 13
internal_value=0 -0.00738075 -0.0137438 0.00677939 0.00999304
internal_weight=113 54 37 59 45
internal_count=113 54 37 59 45
is_linear=0
shrinkage=0.04


Tree=44
num_leaves=7
num_cat=0
split_feature=8 9 6 8 9 9
split_gain=3.55442 2.69711 2.37438 1.52274 1.28057 0.40131
threshold=2656.5000000000005 1.2545817079548962 27.500000000000004 1933.0000000000002 1.1061100587495691 1.7888001691845543
decision_type=2 2 2 2 2 2
left_child=1 3 -2 -1 -4 -3
right_child=2 5 4 -5 -6 -7
leaf_value=-0.0068293010598362057 0.016263549673792236 -0.00336289366086324 -0.011230279094464071 -0.029088009563652248 0.0048952699829291589 0.0064084137784372469
leaf_weight=10.000000000000002 24 20.000000000000004 10.999999999999998 10.999999999999998 27 9.9999999999999982
leaf_count=10 24 20 11 11 27 10
internal_value=0 -0.00780278 0.00644054 -0.0187608 0.000105137 0
internal_weight=113 51 62 21 38 30
internal_count=113 51 62 21 38 30
is_linear=0
shrinkage=0.04


Tree=45
num_leaves=5
num_cat=0
split_feature=6 10 6 2
split_gain=3.31597 2.86215 2.20894 0.314231
threshold=33.500000000000007 1.0000000180025095e-35 23.500000000000004 25.350000000000005
decision_type=2 2 2 2
left_child=1 2 -1 -3
right_child=-2 3 -4 -5
leaf_value=0.013245356097711741 -0.018141444908811692 0.0091324504560763263 -0.0042465864089812058 0.019974442927305366
leaf_weight=13.999999999999998 13.999999999999998 10.000000000000002 63 11.999999999999998
leaf_count=14 14 10 63 12
internal_value=0 0.0025906 -0.0010013 0.0152909
internal_weight=113 99 77 22
internal_count=113 99 77 22
is_linear=0
shrinkage=0.04


Tree=46
num_leaves=7
num_cat=0
split_feature=8 6 6 0 14 6
split_gain=3.22611 2.07431 1.48899 0.998092 0.760937 0.139187
threshold=2656.5000000000005 27.500000000000004 32.500000000000007 1.4550000000000003 1.0000000180025095e-35 24.500000000000004
decision_type=2 2 2 2 2 2
left_child=2 5 4 -3 -1 -2
right_child=1 3 -4 -5 -6 -7
leaf_value=0 0.019322784183261627 0.0058251873587523654 -0.020481146162140883 -0.0072602407939685787 -0.012086871653056342 0.011502778921418518
leaf_weight=28 11.000000000000002 22 10.999999999999998 15.999999999999998 11.999999999999998 12.999999999999998
leaf_count=28 11 22 11 16 12 13
internal_value=0 0.00613552 -0.00743404 0.000205952 -0.00370421 0.0153182
internal_weight=113 62 51 38 40 24
internal_count=113 62 51 38 40 24
is_linear=0
shrinkage=0.04


Tree=47
num_leaves=7
num_cat=0
split_feature=9 6 9 8 9 6
split_gain=2.98009 2.73314 1.34275 1.47936 0.677689 0.168568
threshold=1.2545817079548962 31.500000000000004 1.9751371947001426 2160.5000000000005 1.009339522154584 32.500000000000007
decision_type=2 2 2 2 2 2
left_child=1 4 3 -2 -1 -3
right_child=2 5 -4 -5 -6 -7
leaf_value=-0.0073207911929568702 -0.0072661390460981336 -0.013719526485051255 0.017170999914635231 0.0073135019492018343 0.0052151304615136659 -0.023191897813046338
leaf_weight=11.000000000000002 15.999999999999998 10.000000000000002 12.999999999999998 35 18 9.9999999999999982
leaf_count=11 16 10 13 35 18 10
internal_value=0 -0.00740677 0.00568891 0.00265595 0.000313852 -0.0187465
internal_weight=113 49 64 51 29 20
internal_count=113 49 64 51 29 20
is_linear=0
shrinkage=0.04


Tree=48
num_leaves=7
num_cat=0
split_feature=9 6 9 6 9 0
split_gain=2.74974 2.52291 1.23791 0.824105 0.625009 0.155691
threshold=1.2545817079548962 31.500000000000004 1.9751371947001426 24.500000000000004 1.009339522154584 1.4550000000000003
decision_type=2 2 2 2 2 2
left_child=1 4 3 -2 -1 -3
right_child=2 5 -4 -5 -6 -7
leaf_value=-0.0070305983010713023 0.012191861094655216 -0.0223061725998869 0.016489403193233578 -2.9904008273992148e-05 0.0050076779278602377 -0.013143414353380109
leaf_weight=11.000000000000002 10.999999999999998 10.000000000000002 12.999999999999998 40 18 9.9999999999999982
leaf_count=11 11 10 13 40 18 10
internal_value=0 -0.00711693 0.00546243 0.00254659 0.00029551 -0.018012
internal_weight=113 49 64 51 29 20
internal_count=113 49 64 51 29 20
is_linear=0
shrinkage=0.04


Tree=49
num_leaves=5
num_cat=0
split_feature=6 10 9 2
split_gain=2.66115 2.55732 2.50453 0.21926
threshold=33.500000000000007 1.0000000180025095e-35 1.4872193407669003 25.350000000000005
decision_type=2 2 2 2
left_child=1 2 -1 -3
right_child=-2 3 -4 -5
leaf_value=-0.00626913231135931 -0.016254978188650408 0.0089661224997869791 0.0089444092815292291 0.018348581367287755
leaf_weight=51 13.999999999999998 10.000000000000002 26 11.999999999999998
leaf_count=51 14 10 26 12
internal_value=0 0.00231758 -0.00107527 0.0143247
internal_weight=113 99 77 22
internal_count=113 99 77 22
is_linear=0
shrinkage=0.04


Tree=50
num_leaves=7
num_cat=0
split_feature=8 6 1 0 0 6
split_gain=2.84259 1.68125 1.67194 0.813627 0.797095 0.124218
threshold=2656.5000000000005 27.500000000000004 71.350000000000009 1.3500000000000003 1.425 24.500000000000004
decision_type=2 2 2 2 2 2
left_child=2 5 3 -1 -3 -2
right_child=1 4 -4 -5 -6 -7
leaf_value=0.0073088584471457073 0.017810804207582728 0.0057023878462647941 -0.018191537042302607 -0.0059728191067889274 -0.0059010976971241458 0.010406454446661564
leaf_weight=9.9999999999999982 11.000000000000002 21 14.999999999999998 26 17 12.999999999999998
leaf_count=10 11 21 15 26 17 13
internal_value=0 0.00575581 -0.00698167 -0.00216263 0.000404504 0.0140259
internal_weight=113 62 51 36 38 24
internal_count=113 62 51 36 38 24
is_linear=0
shrinkage=0.04


Tree=51
num_leaves=7
num_cat=0
split_feature=8 9 0 6 9 0
split_gain=2.62217 2.17751 2.45049 1.55208 0.971952 0.471216
threshold=2656.5000000000005 1.2545817079548962 1.5550000000000004 27.500000000000004 1.1061100587495691 1.425
decision_type=2 2 2 2 2 2
left_child=1 2 -1 -2 -5 -3
right_child=3 5 -4 4 -6 -7
leaf_value=-0.03082615724884637 0.013476197937217492 0.0040267719133362089 -0.0030528884266947842 -0.0094705734455639186 0.0045667054256719854 -0.0063279565175374357
leaf_weight=10.000000000000002 24 19.000000000000004 10.999999999999998 10.999999999999998 27 10.999999999999998
leaf_count=10 24 19 11 11 27 11
internal_value=0 -0.00670372 -0.0165512 0.00552996 0.000384104 8.87384e-05
internal_weight=113 51 21 62 38 30
internal_count=113 51 21 62 38 30
is_linear=0
shrinkage=0.04


Tree=52
num_leaves=7
num_cat=0
split_feature=8 9 0 9 7 0
split_gain=2.41928 2.0102 2.25711 1.27481 0.751924 0.43456
threshold=2656.5000000000005 1.2545817079548962 1.5550000000000004 1.3864271176286043 42.500000000000007 1.425
decision_type=2 2 2 2 2 2
left_child=1 2 -1 4 -2 -3
right_child=3 5 -4 -5 -6 -7
leaf_value=-0.02960531850852588 0.0043187028169631957 0.0038665443514498106 -0.0029318731164073089 0.01251556120472825 -0.0080138090028016411 -0.0060771183709840519
leaf_weight=10.000000000000002 27 19.000000000000004 10.999999999999998 24 10.999999999999998 10.999999999999998
leaf_count=10 27 19 11 24 11 11
internal_value=0 -0.00644154 -0.0159032 0.00530932 0.000632115 7.95675e-05
internal_weight=113 51 21 62 38 30
internal_count=113 51 21 62 38 30
is_linear=0
shrinkage=0.04


Tree=53
num_leaves=7
num_cat=0
split_feature=8 9 0 9 8 0
split_gain=2.23214 1.85581 2.07886 1.17526 0.708623 0.400755
threshold=2656.5000000000005 1.2545817079548962 1.5550000000000004 1.3864271176286043 3289.5000000000005 1.425
decision_type=2 2 2 2 2 2
left_child=1 2 -1 4 -2 -3
right_child=3 5 -4 -5 -6 -7
leaf_value=-0.028432831292105189 -0.0029955652711549019 0.0037126922465041657 -0.0028156548255198711 0.012017015738111314 0.0086884041019707672 -0.0058362237290219146
leaf_weight=10.000000000000002 26 19.000000000000004 10.999999999999998 24 11.999999999999998 10.999999999999998
leaf_count=10 26 19 11 24 12 11
internal_value=0 -0.00618973 -0.0152808 0.00509751 0.000602242 7.07754e-05
internal_weight=113 51 21 62 38 30
internal_count=113 51 21 62 38 30
is_linear=0
shrinkage=0.04


Tree=54
num_leaves=5
num_cat=0
split_feature=6 10 6 2
split_gain=2.18986 2.1474 1.69272 0.135366
threshold=33.500000000000007 1.0000000180025095e-35 23.500000000000004 25.350000000000005
decision_type=2 2 2 2
left_child=1 2 -1 -3
right_child=-2 3 -4 -5
leaf_value=0.011454257309859528 -0.014749092206867504 0.008597289636583608 -0.0038524687033967249 0.016425020837586776
leaf_weight=13.999999999999998 13.999999999999998 10.000000000000002 63 11.999999999999998
leaf_count=14 14 10 63 12
internal_value=0 0.00209879 -0.0010063 0.013103
internal_weight=113 99 77 22
internal_count=113 99 77 22
is_linear=0
shrinkage=0.04


Tree=55
num_leaves=5
num_cat=0
split_feature=6 10 9 2
split_gain=2.01995 1.98218 1.9774 0.122312
threshold=33.500000000000007 1.0000000180025095e-35 1.9114229037671977 25.350000000000005
decision_type=2 2 2 2
left_child=1 2 -1 -3
right_child=-2 3 -4 -5
leaf_value=-0.0036342729934675795 -0.014163312032184704 0.0082568030900294215 0.014588606336095314 0.015773449880032504
leaf_weight=66 13.999999999999998 10.000000000000002 10.999999999999998 11.999999999999998
leaf_count=66 14 10 11 12
internal_value=0 0.00201777 -0.000963579 0.0125906
internal_weight=113 99 77 22
internal_count=113 99 77 22
is_linear=0
shrinkage=0.04


Tree=56
num_leaves=7
num_cat=0
split_feature=8 1 6 0 0 6
split_gain=1.99939 1.34735 1.23398 0.62724 0.619581 0.0983458
threshold=2656.5000000000005 71.350000000000009 27.500000000000004 1.425 1.425 24.500000000000004
decision_type=2 2 2 2 2 2
left_child=1 3 5 -1 -4 -2
right_child=2 -3 4 -5 -6 -7
leaf_value=0.0049233666854969996 0.015296167811831908 -0.01591476754044855 0.0049127256375918454 -0.0058075455410987542 -0.0053204938368490561 0.0086462259565600903
leaf_weight=13.999999999999998 11.000000000000002 14.999999999999998 21 22 17 12.999999999999998
leaf_count=14 11 15 21 22 17 13
internal_value=0 -0.00585597 0.00482659 -0.00152153 0.000227771 0.0119109
internal_weight=113 51 62 36 38 24
internal_count=113 51 62 36 38 24
is_linear=0
shrinkage=0.04


Tree=57
num_leaves=7
num_cat=0
split_feature=8 1 6 0 0 6
split_gain=1.84458 1.24217 1.13937 0.578628 0.571302 0.0884603
threshold=2656.5000000000005 71.350000000000009 27.500000000000004 1.425 1.425 24.500000000000004
decision_type=2 2 2 2 2 2
left_child=1 3 5 -1 -4 -2
right_child=2 -3 4 -5 -6 -7
leaf_value=0.0047278282902342211 0.014689833468145076 -0.015282392653803163 0.0047171477027131477 -0.0055762948790286995 -0.0051089187585122396 0.0083030169747257965
leaf_weight=13.999999999999998 11.000000000000002 14.999999999999998 21 22 17 12.999999999999998
leaf_count=14 11 15 21 22 17 13
internal_value=0 -0.00562305 0.00463762 -0.00145634 0.000214417 0.0114451
internal_weight=113 51 62 36 38 24
internal_count=113 51 62 36 38 24
is_linear=0
shrinkage=0.04


Tree=58
num_leaves=5
num_cat=0
split_feature=9 8 1 9
split_gain=1.7807 2.02893 2.36803 0.73743
threshold=1.9751371947001426 2656.5000000000005 71.350000000000009 1.0575049586679974
decision_type=2 2 2 2
left_child=1 2 -1 -3
right_child=-2 3 -4 -5
leaf_value=-0.002429600280127136 0.013875200029547889 -0.0057561954453184795 -0.023301020121771442 0.0056532526237556462
leaf_weight=33 12.999999999999998 10.999999999999998 11.999999999999998 44
leaf_count=33 13 11 12 44
internal_value=0 -0.00180767 -0.00812333 0.00329246
internal_weight=113 100 45 55
internal_count=113 100 45 55
is_linear=0
shrinkage=0.04


Tree=59
num_leaves=5
num_cat=0
split_feature=6 10 9 2
split_gain=1.70684 1.70968 1.80125 0.0794568
threshold=33.500000000000007 1.0000000180025095e-35 1.4872193407669003 25.350000000000005
decision_type=2 2 2 2
left_child=1 2 -1 -3
right_child=-2 3 -4 -5
leaf_value=-0.0053193506023640627 -0.013016374334164547 0.0078995225807227693 0.0075800236779839606 0.014405209028031217
leaf_weight=51 13.999999999999998 10.000000000000002 26 11.999999999999998
leaf_count=51 14 10 26 12
internal_value=0 0.0018578 -0.000907655 0.0116782
internal_weight=113 99 77 22
internal_count=113 99 77 22
is_linear=0
shrinkage=0.04


Tree=60
num_leaves=6
num_cat=0
split_feature=6 0 6 8 0
split_gain=1.60576 1.03722 1.26255 0.918615 1.09453
threshold=30.500000000000004 1.0100000000000002 22.500000000000004 1994.0000000000002 1.3750000000000002
decision_type=2 2 2 2 2
left_child=1 -1 -3 -2 -5
right_child=3 2 -4 4 -6
leaf_value=0.014433475915065483 -0.015476849175189154 0.014326639523600589 -0.0011852411863833604 0.0048365962341057576 -0.010077688911103255
leaf_weight=11.999999999999998 11.999999999999998 9.9999999999999982 48 16.000000000000004 14.999999999999998
leaf_count=12 12 10 48 16 15
internal_value=0 0.00374228 0.00144043 -0.006069 -0.00226058
internal_weight=113 70 58 43 31
internal_count=113 70 58 43 31
is_linear=0
shrinkage=0.04


Tree=61
num_leaves=7
num_cat=0
split_feature=6 9 4 8 1 1
split_gain=1.49963 1.80455 1.08303 0.952253 0.732335 0.18761
threshold=28.500000000000004 1.4170862990429072 2.5000000000000004 2879.0000000000005 69.100000000000009 71.350000000000009
decision_type=2 2 2 2 2 2
left_child=3 2 -2 4 -1 -5
right_child=1 -3 -4 5 -6 -7
leaf_value=-0.0052542059903681586 -0.021118034708617943 0.0058124784436839362 -0.0053899380757827372 0.012653094063028255 0.007017206149246856 0.0048302356028320764
leaf_weight=19 9.9999999999999982 17 27 17.000000000000004 12.999999999999998 9.9999999999999982
leaf_count=19 10 17 27 17 13 10
internal_value=0 -0.00480529 -0.00979406 0.00441156 -0.000138004 0.00993186
internal_weight=113 54 37 59 32 27
internal_count=113 54 37 59 32 27
is_linear=0
shrinkage=0.04


Tree=62
num_leaves=5
num_cat=0
split_feature=6 10 9 2
split_gain=1.44671 1.58247 1.51557 0.04585
threshold=33.500000000000007 1.0000000180025095e-35 1.4872193407669003 25.350000000000005
decision_type=2 2 2 2
left_child=1 2 -1 -3
right_child=-2 3 -4 -5
leaf_value=-0.0049951928389603143 -0.011980402558407885 0.007868798481355797 0.0068335228547510979 0.013490032797509974
leaf_weight=51 13.999999999999998 10.000000000000002 26 11.999999999999998
leaf_count=51 14 10 26 12
internal_value=0 0.00171347 -0.000945518 0.0111631
internal_weight=113 99 77 22
internal_count=113 99 77 22
is_linear=0
shrinkage=0.04


Tree=63
num_leaves=5
num_cat=0
split_feature=9 8 1 9
split_gain=1.4 1.67283 2.16731 0.563365
threshold=1.9751371947001426 2656.5000000000005 71.350000000000009 1.0575049586679974
decision_type=2 2 2 2
left_child=1 2 -1 -3
right_child=-2 3 -4 -5
leaf_value=-0.0018885458812252633 0.012305763277388714 -0.0048551910283329246 -0.021851669934170308 0.0050941948545357545
leaf_weight=33 12.999999999999998 10.999999999999998 11.999999999999998 44
leaf_count=33 13 11 12 44
internal_value=0 -0.00159995 -0.00733739 0.00302652
internal_weight=113 100 45 55
internal_count=113 100 45 55
is_linear=0
shrinkage=0.04


Tree=64
num_leaves=6
num_cat=0
split_feature=6 9 14 9 13
split_gain=1.2925 1.59396 0.912681 0.588881 0.475443
threshold=30.500000000000004 1.4170862990429072 1.0000000180025095e-35 1.1362011872681299 1.0000000180025095e-35
decision_type=2 2 2 2 2
left_child=2 3 4 -2 -1
right_child=1 -3 -4 -5 -6
leaf_value=0.0082831025272226706 -0.0044800741759175094 0.0054254717480206318 -0.0042582846181827352 -0.016421178520120535 -0.00025654126783363688
leaf_weight=39 14.000000000000002 13.999999999999998 18 14.999999999999998 12.999999999999998
leaf_count=39 14 14 18 15 13
internal_value=0 -0.00544384 0.00335854 -0.0108292 0.00607502
internal_weight=113 43 70 29 52
internal_count=113 43 70 29 52
is_linear=0
shrinkage=0.04


Tree=65
num_leaves=5
num_cat=0
split_feature=7 9 1 0
split_gain=1.26119 1.18966 1.66504 0.578112
threshold=72.500000000000014 1.4872193407669003 72.450000000000017 1.0700000000000003
decision_type=2 2 2 2
left_child=1 2 -1 -3
right_child=-2 3 -4 -5
leaf_value=0.0017954980464136533 -0.011189640861876467 0.013711093853641032 -0.01363547131683387 0.0025766441992848932
leaf_weight=53 13.999999999999998 14.999999999999998 13.999999999999998 17
leaf_count=53 14 15 14 17
internal_value=0 0.00159615 -0.00138479 0.00794698
internal_weight=113 99 67 32
internal_count=113 99 67 32
is_linear=0
shrinkage=0.04


Tree=66
num_leaves=7
num_cat=0
split_feature=8 9 0 6 9 0
split_gain=1.22771 1.35526 1.39726 0.763959 0.570882 0.302408
threshold=2656.5000000000005 1.2545817079548962 1.5550000000000004 27.500000000000004 1.1061100587495691 1.425
decision_type=2 2 2 2 2 2
left_child=1 2 -1 -2 -5 -3
right_child=3 5 -4 4 -6 -7
leaf_value=-0.023153853687909565 0.009357929547545326 0.0039090199222427376 -0.0020799368807861399 -0.0073874240576683936 0.0033734996842282282 -0.0043375465569195446
leaf_weight=10.000000000000002 24 19.000000000000004 10.999999999999998 10.999999999999998 27 10.999999999999998
leaf_count=10 24 19 11 11 27 11
internal_value=0 -0.00458759 -0.0123669 0.00378337 0.000142295 0.000748024
internal_weight=113 51 21 62 38 30
internal_count=113 51 21 62 38 30
is_linear=0
shrinkage=0.04


Tree=67
num_leaves=4
num_cat=0
split_feature=9 6 10
split_gain=1.16048 1.29658 1.61779
threshold=2.0474288185350278 33.500000000000007 1.0000000180025095e-35
decision_type=2 2 2
left_child=1 2 -1
right_child=-2 -3 -4
leaf_value=-0.0025506064527470109 0.01294198795120315 -0.013575166320997823 0.010075954049869806
leaf_weight=70 9.9999999999999982 11.999999999999998 21
leaf_count=70 10 12 21
internal_value=0 -0.00126532 0.000327169
internal_weight=113 103 91
internal_count=113 103 91
is_linear=0
shrinkage=0.04


Tree=68
num_leaves=5
num_cat=0
split_feature=6 9 1 0
split_gain=1.12607 1.28076 1.5691 0.5177
threshold=22.500000000000004 1.4872193407669003 71.350000000000009 1.0700000000000003
decision_type=2 2 2 2
left_child=-1 2 -2 -3
right_child=1 3 -4 -5
leaf_value=0.012748880727161276 -0.00045864066221362092 0.0098936621940623956 -0.013865529722835295 0
leaf_weight=9.9999999999999982 48 17 20 18
leaf_count=10 48 17 20 18
internal_value=0 -0.00124624 -0.00447515 0.004908
internal_weight=113 103 68 35
internal_count=113 103 68 35
is_linear=0
shrinkage=0.04


Tree=69
num_leaves=7
num_cat=0
split_feature=8 9 0 9 5 0
split_gain=1.11271 1.20203 1.20538 0.548355 0.562324 0.266406
threshold=2656.5000000000005 1.2545817079548962 1.5550000000000004 1.0575049586679974 1.0000000180025095e-35 1.425
decision_type=2 2 2 2 2 2
left_child=1 2 -1 -2 -5 -3
right_child=3 5 -4 4 -6 -7
leaf_value=-0.021720433683678649 -0.00427029778425758 0.0036243877380462211 -0.0021057089492007419 0.008099439642766177 -0.00088458823447195916 -0.0041158202854362693
leaf_weight=10.000000000000002 10.999999999999998 19.000000000000004 10.999999999999998 36 14.999999999999998 10.999999999999998
leaf_count=10 11 19 11 36 15 11
internal_value=0 -0.00436809 -0.0116943 0.00360116 0.00538224 0.000649176
internal_weight=113 51 21 62 51 30
internal_count=113 51 21 62 51 30
is_linear=0
shrinkage=0.04


Tree=70
num_leaves=5
num_cat=0
split_feature=6 9 1 0
split_gain=1.03867 1.12561 1.41615 0.468794
threshold=22.500000000000004 1.4872193407669003 71.350000000000009 1.2850000000000004
decision_type=2 2 2 2
left_child=-1 2 -2 -3
right_child=1 3 -4 -5
leaf_value=0.012240349946193177 -0.00040952944458150567 0.0075251964185817314 -0.013150322566281503 -0.0024405830036295525
leaf_weight=9.9999999999999982 48 25 20 9.9999999999999982
leaf_count=10 48 25 20 10
internal_value=0 -0.00120065 -0.00422937 0.00456503
internal_weight=113 103 68 35
internal_count=113 103 68 35
is_linear=0
shrinkage=0.04


Tree=71
num_leaves=4
num_cat=0
split_feature=9 6 10
split_gain=0.994855 1.4169 1.04149
threshold=0.82265392432647111 23.500000000000004 1.0000000180025095e-35
decision_type=2 2 2
left_child=-1 -2 -3
right_child=1 2 -4
leaf_value=-0.011983418238192503 0.012506348937256448 -0.0029769815194198653 0.0077665609211882173
leaf_weight=9.9999999999999982 14.999999999999998 70 18
leaf_count=10 15 70 18
internal_value=0 0.00117104 -0.000727715
internal_weight=113 103 88
internal_count=113 103 88
is_linear=0
shrinkage=0.04


Tree=72
num_leaves=7
num_cat=0
split_feature=8 9 8 6 9 0
split_gain=1.02346 1.0452 1.10313 0.545574 0.435814 0.237625
threshold=2656.5000000000005 1.2545817079548962 1933.0000000000002 27.500000000000004 1.1061100587495691 1.425
decision_type=2 2 2 2 2 2
left_child=1 2 -1 -2 -5 -3
right_child=3 5 -4 4 -6 -7
leaf_value=-0.00095427991435079261 0.0081644072890652668 0.0032943003096115517 -0.019729517647274982 -0.0062063463958534036 0.0031821622421820662 -0.0040233122792329877
leaf_weight=10.000000000000002 24 19.000000000000004 10.999999999999998 10.999999999999998 27 10.999999999999998
leaf_count=10 24 19 11 11 27 11
internal_value=0 -0.00419518 -0.0110254 0.0034478 0.000350293 0.000473833
internal_weight=113 51 21 62 38 30
internal_count=113 51 21 62 38 30
is_linear=0
shrinkage=0.04


Tree=73
num_leaves=7
num_cat=0
split_feature=8 9 0 6 9 3
split_gain=0.944544 0.965144 1.10113 0.502964 0.401951 0.250356
threshold=2656.5000000000005 1.2545817079548962 1.5550000000000004 27.500000000000004 1.1061100587495691 1.0000000180025095e-35
decision_type=2 2 2 2 2 2
left_child=1 2 -1 -2 -5 -3
right_child=3 5 -4 4 -6 -7
leaf_value=-0.020167735195395966 0.0078391860808821635 -0.0021817349669820967 -0.0014305450008796144 -0.005960328875629751 0.0030553458053687401 0.0053333420779656717
leaf_weight=10.000000000000002 24 19.000000000000004 10.999999999999998 10.999999999999998 27 10.999999999999998
leaf_count=10 24 19 11 11 27 11
internal_value=0 -0.00403218 -0.0105959 0.00331022 0.000331764 0.000449467
internal_weight=113 51 21 62 38 30
internal_count=113 51 21 62 38 30
is_linear=0
shrinkage=0.04


Tree=74
num_leaves=4
num_cat=0
split_feature=6 10 6
split_gain=0.885854 1.07662 0.877501
threshold=33.500000000000007 1.0000000180025095e-35 23.500000000000004
decision_type=2 2 2
left_child=1 2 -1
right_child=-2 -3 -4
leaf_value=0.0080919890792657302 -0.0093868610220598 0.0091270860193541688 -0.0029179937031161389
leaf_weight=13.999999999999998 13.999999999999998 22 63
leaf_count=14 14 22 63
internal_value=0 0.00132876 -0.000856399
internal_weight=113 99 77
internal_count=113 99 77
is_linear=0
shrinkage=0.04


Tree=75
num_leaves=7
num_cat=0
split_feature=8 9 8 9 5 3
split_gain=0.860074 0.899476 1.00136 0.398615 0.448777 0.228538
threshold=2656.5000000000005 1.2545817079548962 1933.0000000000002 1.0575049586679974 1.0000000180025095e-35 1.0000000180025095e-35
decision_type=2 2 2 2 2 2
left_child=1 2 -1 -2 -5 -3
right_child=3 5 -4 4 -6 -7
leaf_value=-0.0005820321623641664 -0.0035209275902928533 -0.0020328679236129936 -0.018473923842649204 0.0071103392314382542 -0.0008964797558373963 0.0051418828687982985
leaf_weight=10.000000000000002 10.999999999999998 19.000000000000004 10.999999999999998 36 14.999999999999998 10.999999999999998
leaf_count=10 11 19 11 36 15 11
internal_value=0 -0.00384916 -0.0101867 0.00315723 0.00467997 0.000473326
internal_weight=113 51 21 62 51 30
internal_count=113 51 21 62 51 30
is_linear=0
shrinkage=0.04


Tree=76
num_leaves=4
num_cat=0
split_feature=9 6 1
split_gain=0.816193 0.92315 0.662608
threshold=2.0474288185350278 33.500000000000007 72.850000000000009
decision_type=2 2 2
left_child=1 2 -1
right_child=-2 -3 -4
leaf_value=0.0019435935630368801 0.010841720653052379 -0.011461111323153677 -0.0067823369984041171
leaf_weight=74 9.9999999999999982 11.999999999999998 17
leaf_count=74 10 12 17
internal_value=0 -0.00107311 0.000263911
internal_weight=113 103 91
internal_count=113 103 91
is_linear=0
shrinkage=0.04


Tree=77
num_leaves=5
num_cat=0
split_feature=9 7 9 8
split_gain=0.794592 0.974177 1.15055 0.652726
threshold=0.82265392432647111 30.500000000000004 1.4170862990429072 1561.0000000000002
decision_type=2 2 2 2
left_child=-1 3 -3 -2
right_child=1 2 -4 -5
leaf_value=-0.010717021244587285 -0.0033278297093954491 -0.0090722539196481031 0.0050906794333288857 0.0062672088603803258
leaf_weight=9.9999999999999982 13.999999999999998 25 13.999999999999998 50
leaf_count=10 14 25 14 50
internal_value=0 0.00103909 -0.00388581 0.00410397
internal_weight=113 103 39 64
internal_count=113 103 39 64
is_linear=0
shrinkage=0.04


Tree=78
num_leaves=5
num_cat=0
split_feature=6 10 0 6
split_gain=0.732805 0.686655 0.518299 0.37362
threshold=22.500000000000004 1.0000000180025095e-35 1.0100000000000002 31.500000000000004
decision_type=2 2 2 2
left_child=-1 2 -2 -3
right_child=1 3 -4 -5
leaf_value=0.010271196309292669 0.0035434424358865486 0.0099102808227223768 -0.0043676623090895643 -0.00016265219981127443
leaf_weight=9.9999999999999982 15.999999999999998 12.000000000000002 65 9.9999999999999982
leaf_count=10 16 12 65 10
internal_value=0 -0.00101856 -0.00275321 0.00517066
internal_weight=113 103 81 22
internal_count=113 103 81 22
is_linear=0
shrinkage=0.04


Tree=79
num_leaves=4
num_cat=0
split_feature=9 6 1
split_gain=0.715571 1.02429 0.944959
threshold=0.82265392432647111 23.500000000000004 65.450000000000017
decision_type=2 2 2
left_child=-1 -2 -3
right_child=1 2 -4
leaf_value=-0.010169568530993886 0.010626772316481107 0.0096996921263943041 -0.0023141237869662933
leaf_weight=9.9999999999999982 14.999999999999998 11.999999999999998 76
leaf_count=10 15 12 76
internal_value=0 0.00098667 -0.000621323
internal_weight=113 103 88
internal_count=113 103 88
is_linear=0
shrinkage=0.04


Tree=80
num_leaves=5
num_cat=0
split_feature=6 10 6 6
split_gain=0.705137 0.89074 0.682284 0.0147068
threshold=33.500000000000007 1.0000000180025095e-35 23.500000000000004 27.500000000000004
decision_type=2 2 2 2
left_child=1 2 -1 -3
right_child=-2 3 -4 -5
leaf_value=0.0070796385132674633 -0.0083775909329559788 0.0057896088904673491 -0.0026237222797601896 0.009955939162861218
leaf_weight=13.999999999999998 13.999999999999998 10.000000000000002 63 11.999999999999998
leaf_count=14 14 10 63 12
internal_value=0 0.00118272 -0.0008007 0.00827791
internal_weight=113 99 77 22
internal_count=113 99 77 22
is_linear=0
shrinkage=0.04


Tree=81
num_leaves=7
num_cat=0
split_feature=8 9 0 6 0 8
split_gain=0.735594 0.760839 0.919343 0.321888 0.757755 0.230154
threshold=2656.5000000000005 1.2545817079548962 1.5550000000000004 28.500000000000004 1.3750000000000002 1823.5000000000002
decision_type=2 2 2 2 2 2
left_child=1 2 -1 -2 -5 -3
right_child=3 5 -4 4 -6 -7
leaf_value=-0.018131250184914554 0.0057033502999867241 -0.0027156229590221954 -0.00099034985846227367 0.0054856673876444483 -0.0072985662974929082 0.0042479894086982764
leaf_weight=10.000000000000002 32 16.000000000000004 10.999999999999998 17.000000000000004 12.999999999999998 13.999999999999998
leaf_count=10 32 16 11 17 13 14
internal_value=0 -0.00356054 -0.0093895 0.00291902 0 0.000404489
internal_weight=113 51 21 62 30 30
internal_count=113 51 21 62 30 30
is_linear=0
shrinkage=0.04


Tree=82
num_leaves=4
num_cat=0
split_feature=9 7 10
split_gain=0.670829 0.716153 0.954555
threshold=2.0474288185350278 72.500000000000014 1.0000000180025095e-35
decision_type=2 2 2
left_child=1 2 -1
right_child=-2 -3 -4
leaf_value=-0.0019991559068673688 0.0098304748151562 -0.010120931004812895 0.0076993477598750757
leaf_weight=70 9.9999999999999982 11.999999999999998 21
leaf_count=70 10 12 21
internal_value=0 -0.000971366 0.000201047
internal_weight=113 103 91
internal_count=113 103 91
is_linear=0
shrinkage=0.04


Tree=83
num_leaves=7
num_cat=0
split_feature=8 1 0 6 0 1
split_gain=0.66614 0.69639 0.419858 0.286427 0.67288 0.119271
threshold=2656.5000000000005 71.350000000000009 1.425 28.500000000000004 1.3750000000000002 68.600000000000009
decision_type=2 2 2 2 2 2
left_child=1 2 -1 5 -5 -2
right_child=3 -3 -4 4 -6 -7
leaf_value=0.0050232167008286664 0.0089968598694414714 -0.010607732051847786 -0.003794824391586613 0.00519225932352724 -0.0068550986304651684 0.0032966832230441373
leaf_weight=13.999999999999998 10.999999999999998 14.999999999999998 22 17.000000000000004 12.999999999999998 21
leaf_count=14 11 15 22 17 13 21
internal_value=0 -0.00338973 -0.000250367 0.00277634 0 0.00540265
internal_weight=113 51 36 62 30 32
internal_count=113 51 36 62 30 32
is_linear=0
shrinkage=0.04


Tree=84
num_leaves=4
num_cat=0
split_feature=9 6 1
split_gain=0.615537 0.844952 0.862123
threshold=0.82265392432647111 23.500000000000004 65.450000000000017
decision_type=2 2 2
left_child=-1 -2 -3
right_child=1 2 -4
leaf_value=-0.0094292853061238874 0.0096742240665172105 0.0093182880907850575 -0.0021577284349992621
leaf_weight=9.9999999999999982 14.999999999999998 11.999999999999998 76
leaf_count=10 15 12 76
internal_value=0 0.000917836 -0.000538613
internal_weight=113 103 88
internal_count=113 103 88
is_linear=0
shrinkage=0.04


Tree=85
num_leaves=5
num_cat=0
split_feature=6 10 6 6
split_gain=0.554463 0.710519 0.55279 0.0202304
threshold=33.500000000000007 1.0000000180025095e-35 23.500000000000004 27.500000000000004
decision_type=2 2 2 2
left_child=1 2 -1 -3
right_child=-2 3 -4 -5
leaf_value=0.0063703435297447746 -0.0074265197912851966 0.0049009761066720024 -0.0023609371877108625 0.0090755707025527953
leaf_weight=13.999999999999998 13.999999999999998 10.000000000000002 63 11.999999999999998
leaf_count=14 14 10 63 12
internal_value=0 0.00105107 -0.000715348 0.00738979
internal_weight=113 99 77 22
internal_count=113 99 77 22
is_linear=0
shrinkage=0.04


Tree=86
num_leaves=7
num_cat=0
split_feature=8 9 8 9 5 8
split_gain=0.608227 0.677988 0.826444 0.243145 0.308184 0.228201
threshold=2656.5000000000005 1.2545817079548962 1933.0000000000002 1.0575049586679974 1.0000000180025095e-35 1823.5000000000002
decision_type=2 2 2 2 2 2
left_child=1 2 -1 -2 -5 -3
right_child=3 5 -4 4 -6 -7
leaf_value=0 -0.0025038791655957165 -0.0026009759418984509 -0.016258961133793132 0.0058674465767894757 -0.00073073860668015998 0.0043253313065737698
leaf_weight=10.000000000000002 10.999999999999998 16.000000000000004 10.999999999999998 36 14.999999999999998 13.999999999999998
leaf_count=10 11 16 11 36 15 14
internal_value=0 -0.00323515 -0.00874065 0.00265681 0.00385089 0.000502042
internal_weight=113 51 21 62 51 30
internal_count=113 51 21 62 51 30
is_linear=0
shrinkage=0.04


Tree=87
num_leaves=5
num_cat=0
split_feature=9 8 1 8
split_gain=0.583636 0.774893 0.962586 0.234425
threshold=2.0474288185350278 2656.5000000000005 71.350000000000009 3289.5000000000005
decision_type=2 2 2 2
left_child=1 2 -1 -3
right_child=-2 3 -4 -5
leaf_value=-0.0010354730837003401 0.0091690259981822078 0.00024966364962392742 -0.013954821620278689 0.00583282266299762
leaf_weight=34 9.9999999999999982 37 12.999999999999998 19
leaf_count=34 10 37 13 19
internal_value=0 -0.000906386 -0.00471588 0.00222227
internal_weight=113 103 47 56
internal_count=113 103 47 56
is_linear=0
shrinkage=0.04


Tree=88
num_leaves=4
num_cat=0
split_feature=9 6 8
split_gain=0.538331 0.710134 0.854545
threshold=0.82265392432647111 23.500000000000004 1994.0000000000002
decision_type=2 2 2
left_child=-1 -2 -3
right_child=1 2 -4
leaf_value=-0.0088188224853855551 0.008885821563419917 -0.0069306231372027486 0.001891976980007197
leaf_weight=9.9999999999999982 14.999999999999998 24 64
leaf_count=10 15 24 64
internal_value=0 0.000857649 -0.000473919
internal_weight=113 103 88
internal_count=113 103 88
is_linear=0
shrinkage=0.04


Tree=89
num_leaves=4
num_cat=0
split_feature=9 6 10
split_gain=0.527429 0.577386 0.772971
threshold=2.0474288185350278 32.500000000000007 1.0000000180025095e-35
decision_type=2 2 2
left_child=1 2 -1
right_child=-2 -3 -4
leaf_value=-0.0014327936300531639 0.0087177531981822293 -0.0071526677149752662 0.0078803195512097187
leaf_weight=66 9.9999999999999982 19 18
leaf_count=66 10 19 18
internal_value=0 -0.000860231 0.000522308
internal_weight=113 103 84
internal_count=113 103 84
is_linear=0
shrinkage=0.04


Tree=90
num_leaves=4
num_cat=0
split_feature=9 1 9
split_gain=0.493262 0.623017 0.647789
threshold=0.82265392432647111 65.450000000000017 1.4872193407669003
decision_type=2 2 2
left_child=-1 -2 -3
right_child=1 2 -4
leaf_value=-0.0084412789639860108 0.0083412094266209387 -0.0032503124891925896 0.0037411224920610416
leaf_weight=9.9999999999999982 14.999999999999998 53 35
leaf_count=10 15 53 35
internal_value=0 0.000821281 -0.000423135
internal_weight=113 103 88
internal_count=113 103 88
is_linear=0
shrinkage=0.04


Tree=91
num_leaves=5
num_cat=0
split_feature=8 7 14 1
split_gain=0.485227 0.900388 0.893267 0.0661497
threshold=3289.5000000000005 72.500000000000014 1.0000000180025095e-35 70.100000000000009
decision_type=2 2 2 2
left_child=1 2 -1 -2
right_child=3 -3 -4 -5
leaf_value=0.0024018060448028713 0.0081577652368215025 -0.010952112026341998 -0.0083861682726847422 0.0026529538513410211
leaf_weight=65 10.000000000000002 12.999999999999998 14.999999999999998 9.9999999999999982
leaf_count=65 10 13 15 10
internal_value=0 -0.00122176 0.000321179 0.00563126
internal_weight=113 93 80 20
internal_count=113 93 80 20
is_linear=0
shrinkage=0.04


Tree=92
num_leaves=5
num_cat=0
split_feature=9 8 1 4
split_gain=0.469242 0.642304 1.33037 0.331449
threshold=1.9751371947001426 2613.0000000000005 71.350000000000009 5.5000000000000009
decision_type=2 2 2 2
left_child=1 2 -1 -3
right_child=-2 3 -4 -5
leaf_value=-0.0002856775073712054 0.0071154187926809297 0.0032490569074695532 -0.016639356548721729 -0.0040782618116248738
leaf_weight=30 12.999999999999998 47 10.999999999999998 11.999999999999998
leaf_count=30 13 47 11 12
internal_value=0 -0.000935186 -0.00480038 0.00168669
internal_weight=113 100 41 59
internal_count=113 100 41 59
is_linear=0
shrinkage=0.04


Tree=93
num_leaves=4
num_cat=0
split_feature=9 6 1
split_gain=0.449068 0.601029 0.727184
threshold=0.82265392432647111 23.500000000000004 65.450000000000017
decision_type=2 2 2
left_child=-1 -2 -3
right_child=1 2 -4
leaf_value=-0.008054529977316904 0.0081703454098164645 0.0086110754064784561 -0.0019290693973664701
leaf_weight=9.9999999999999982 14.999999999999998 11.999999999999998 76
leaf_count=10 15 12 76
internal_value=0 0.000783356 -0.000438231
internal_weight=113 103 88
internal_count=113 103 88
is_linear=0
shrinkage=0.04


Tree=94
num_leaves=5
num_cat=0
split_feature=8 6 10 6
split_gain=0.430306 0.803661 0.454714 0.0595035
threshold=3289.5000000000005 33.500000000000007 1.0000000180025095e-35 28.500000000000004
decision_type=2 2 2 2
left_child=1 2 -1 -2
right_child=3 -3 -4 -5
leaf_value=-0.0010940564590893949 0.0077058396923660021 -0.010344065514229638 0.0065964196533556813 0.0024514228164559545
leaf_weight=65 10.000000000000002 12.999999999999998 14.999999999999998 9.9999999999999982
leaf_count=65 10 13 15 10
internal_value=0 -0.00115064 0.000304405 0.0053029
internal_weight=113 93 80 20
internal_count=113 93 80 20
is_linear=0
shrinkage=0.04


Tree=95
num_leaves=4
num_cat=0
split_feature=9 8 6
split_gain=0.436106 0.609747 0.817802
threshold=2.0474288185350278 1561.0000000000002 26.500000000000004
decision_type=2 2 2
left_child=1 -1 -3
right_child=-2 2 -4
leaf_value=-0.0085219305817117088 0.0079293897747993464 0.0065582197584004047 -0.0019480854613407169
leaf_weight=13.999999999999998 9.9999999999999982 25 64
leaf_count=14 10 25 64
internal_value=0 -0.000780021 0.000401112
internal_weight=113 103 89
internal_count=113 103 89
is_linear=0
shrinkage=0.04


Tree=96
num_leaves=5
num_cat=0
split_feature=9 8 1 9
split_gain=0.406134 0.543378 1.18084 0.243119
threshold=1.9751371947001426 2613.0000000000005 71.350000000000009 1.0575049586679974
decision_type=2 2 2 2
left_child=1 2 -1 -3
right_child=-2 3 -4 -5
leaf_value=-0.00016630586075822379 0.0066202852948931334 -0.0033737112470894805 -0.015578319258518049 0.0028814731332653391
leaf_weight=30 12.999999999999998 11.999999999999998 10.999999999999998 47
leaf_count=30 13 12 11 47
internal_value=0 -0.000869427 -0.0044264 0.00153799
internal_weight=113 100 41 59
internal_count=113 100 41 59
is_linear=0
shrinkage=0.04


Tree=97
num_leaves=4
num_cat=0
split_feature=9 1 6
split_gain=0.395803 0.534036 0.650578
threshold=0.82265392432647111 65.450000000000017 23.500000000000004
decision_type=2 2 2
left_child=-1 -2 -3
right_child=1 2 -4
leaf_value=-0.0075612445633010108 0.0076999631817668479 0.0081430903446575824 -0.0018255258048058499
leaf_weight=9.9999999999999982 14.999999999999998 11.999999999999998 76
leaf_count=10 15 12 76
internal_value=0 0.000735968 -0.000413066
internal_weight=113 103 88
internal_count=113 103 88
is_linear=0
shrinkage=0.04


Tree=98
num_leaves=5
num_cat=0
split_feature=8 8 6 1
split_gain=0.378786 0.70324 0.693697 0.496704
threshold=3195.0000000000005 3375.0000000000005 33.500000000000007 69.100000000000009
decision_type=2 2 2 2
left_child=2 -2 3 -1
right_child=1 -3 -4 -5
leaf_value=-0.002730522239851253 0.011284174830460349 -0.0024386326391417699 -0.0096923968707787172 0.0036919766697526969
leaf_weight=41 12 11 12.999999999999998 36
leaf_count=41 12 11 13 36
internal_value=0 0.00456579 -0.00117552 0.000221218
internal_weight=113 23 90 77
internal_count=113 23 90 77
is_linear=0
shrinkage=0.04


Tree=99
num_leaves=6
num_cat=0
split_feature=9 0 8 0 7
split_gain=0.372652 0.640399 0.552853 0.220864 0.395321
threshold=1.4872193407669003 1.2850000000000004 3289.5000000000005 1.0700000000000003 12.500000000000002
decision_type=2 2 2 2 2
left_child=1 -1 -3 -2 -5
right_child=3 2 -4 4 -6
leaf_value=-0.01006832465652592 0.0064260347475663072 -0.0017477815090222802 0.0080840881262813601 -0.0052786586883634603 0.0058979633480015373
leaf_weight=11.999999999999998 18 52 10.999999999999998 10.000000000000002 9.9999999999999982
leaf_count=12 18 52 11 10 10
internal_value=0 -0.00163985 0 0.00321696 0.000112188
internal_weight=113 75 63 38 20
internal_count=113 75 63 38 20
is_linear=0
shrinkage=0.04


Tree=100
num_leaves=4
num_cat=0
split_feature=9 1 6
split_gain=0.347416 0.501543 0.595805
threshold=0.82265392432647111 65.450000000000017 23.500000000000004
decision_type=2 2 2
left_child=-1 -2 -3
right_child=1 2 -4
leaf_value=-0.0070847909698391913 0.0074387769507157885 0.0077609169630964928 -0.0017769525187890415
leaf_weight=9.9999999999999982 14.999999999999998 11.999999999999998 76
leaf_count=10 15 12 76
internal_value=0 0.000688715 -0.000423598
internal_weight=113 103 88
internal_count=113 103 88
is_linear=0
shrinkage=0.04


Tree=101
num_leaves=7
num_cat=0
split_feature=9 6 14 9 8 2
split_gain=0.339448 0.551339 0.737561 0.569259 0.161879 0.0952234
threshold=1.4872193407669003 30.500000000000004 1.0000000180025095e-35 1.121944869871023 2160.5000000000005 38.550000000000004
decision_type=2 2 2 2 2 2
left_child=1 2 -1 -3 -2 -6
right_child=4 3 -4 -5 5 -7
leaf_value=0.0041519156458877746 -0.0004754751785234972 0.0011389570246945629 -0.0076712708269153634 -0.0099775849102328278 0.0070109627656145188 0.0015212109013720675
leaf_weight=34 11.999999999999998 11.000000000000002 10.999999999999998 19 15.000000000000002 10.999999999999998
leaf_count=34 12 11 11 19 15 11
internal_value=0 -0.00156458 0.00116251 -0.00577839 0.00307081 0.00485636
internal_weight=113 75 45 30 38 26
internal_count=113 75 45 30 38 26
is_linear=0
shrinkage=0.04


Tree=102
num_leaves=5
num_cat=0
split_feature=8 6 14 8
split_gain=0.329775 0.62614 0.670645 0.624279
threshold=3195.0000000000005 33.500000000000007 1.0000000180025095e-35 3375.0000000000005
decision_type=2 2 2 2
left_child=1 2 -1 -2
right_child=3 -3 -4 -5
leaf_value=0.0021165484872057243 0.010595331475261814 -0.0091887226814532097 -0.0072735499901487337 -0.0023223333114439303
leaf_weight=62 12 12.999999999999998 14.999999999999998 11
leaf_count=62 12 13 15 11
internal_value=0 -0.00109617 0.000228366 0.00426085
internal_weight=113 90 77 23
internal_count=113 90 77 23
is_linear=0
shrinkage=0.04


Tree=103
num_leaves=5
num_cat=0
split_feature=2 6 0 10
split_gain=0.277612 0.491047 0.395973 0.315718
threshold=14.500000000000002 25.500000000000004 1.3750000000000002 1.0000000180025095e-35
decision_type=2 2 2 2
left_child=-1 2 -2 -3
right_child=1 3 -4 -5
leaf_value=-0.0050534543947668266 0.00082746647351177017 -0.0022218547931995738 0.011297689135278668 0.0042261580234418143
leaf_weight=14.999999999999998 14.000000000000002 58 10.999999999999998 14.999999999999998
leaf_count=15 14 58 11 15
internal_value=0 0.000772649 0.00562038 -0.000838232
internal_weight=113 98 25 73
internal_count=113 98 25 73
is_linear=0
shrinkage=0.04


Tree=104
num_leaves=4
num_cat=0
split_feature=9 1 9
split_gain=0.329166 0.437249 0.326291
threshold=1.9751371947001426 73.050000000000011 1.1510385976417297
decision_type=2 2 2
left_child=1 2 -1
right_child=-2 -3 -4
leaf_value=-0.0028982809959505478 0.0059598607916868376 -0.0066204791738275898 0.0022990710686773006
leaf_weight=30 12.999999999999998 17 53
leaf_count=30 13 17 53
internal_value=0 -0.000782895 0.000371148
internal_weight=113 100 83
internal_count=113 100 83
is_linear=0
shrinkage=0.04


Tree=105
num_leaves=5
num_cat=0
split_feature=8 8 6 14
split_gain=0.309234 0.588177 0.569233 0.60012
threshold=3195.0000000000005 3375.0000000000005 33.500000000000007 1.0000000180025095e-35
decision_type=2 2 2 2
left_child=2 -2 3 -1
right_child=1 -3 -4 -5
leaf_value=0.0019883552566770579 0.010276981719022939 -0.0022551351154709719 -0.0087769525583463771 -0.0068943816147103215
leaf_weight=62 12 11 12.999999999999998 14.999999999999998
leaf_count=62 12 11 13 15
internal_value=0 0.00412638 -0.00106111 0.000199374
internal_weight=113 23 90 77
internal_count=113 23 90 77
is_linear=0
shrinkage=0.04


Tree=106
num_leaves=4
num_cat=0
split_feature=9 8 6
split_gain=0.305391 0.442417 0.673697
threshold=1.9751371947001426 1561.0000000000002 25.500000000000004
decision_type=2 2 2
left_child=1 -1 -3
right_child=-2 2 -4
leaf_value=-0.0076185566255154505 0.0057390384137175465 0.0066949387050386682 -0.0016453746659611803
leaf_weight=12.999999999999998 12.999999999999998 20 67
leaf_count=13 13 20 67
internal_value=0 -0.000755639 0.0002315
internal_weight=113 100 87
internal_count=113 100 87
is_linear=0
shrinkage=0.04


Tree=107
num_leaves=4
num_cat=0
split_feature=9 1 2
split_gain=0.295256 0.45415 0.496388
threshold=0.82265392432647111 65.450000000000017 18.500000000000004
decision_type=2 2 2
left_child=-1 -2 -3
right_child=1 2 -4
leaf_value=-0.0065306286764617019 0.0070602374943281648 -0.0083567958479529025 0.00067033902052234277
leaf_weight=9.9999999999999982 14.999999999999998 10.999999999999998 77
leaf_count=10 15 11 77
internal_value=0 0.000635619 -0.000420855
internal_weight=113 103 88
internal_count=113 103 88
is_linear=0
shrinkage=0.04


Tree=108
num_leaves=5
num_cat=0
split_feature=8 7 14 9
split_gain=0.280414 0.52843 0.546371 0.0679829
threshold=3289.5000000000005 72.500000000000014 1.0000000180025095e-35 1.3511873304104436
decision_type=2 2 2 2
left_child=1 2 -1 -2
right_child=3 -3 -4 -5
leaf_value=0.0018794995754636745 0.0067303957089339126 -0.0083854631544979484 -0.0065554667229683981 0.0013926823857692212
leaf_weight=65 10.000000000000002 12.999999999999998 14.999999999999998 9.9999999999999982
leaf_count=65 10 13 15 10
internal_value=0 -0.000928912 0.000241796 0.00428075
internal_weight=113 93 80 20
internal_count=113 93 80 20
is_linear=0
shrinkage=0.04


Tree=109
num_leaves=7
num_cat=0
split_feature=9 1 4 4 1 7
split_gain=0.281985 0.809739 1.2257 0.38409 0.277068 0.160128
threshold=1.4872193407669003 71.350000000000009 4.5000000000000009 5.5000000000000009 71.750000000000014 20.500000000000004
decision_type=2 2 2 2 2 2
left_child=1 3 -3 -1 5 -2
right_child=4 2 -4 -5 -6 -7
leaf_value=0.0027763899539063035 -0.0039923042744988251 -0.017279537846376227 0.0016876230794604463 -0.0058076850587207053 0.0063975501159278057 0.0030913369106774285
leaf_weight=44 10.000000000000002 11.000000000000002 9.9999999999999982 9.9999999999999982 18 9.9999999999999982
leaf_count=44 10 11 10 10 18 10
internal_value=0 -0.00142446 -0.00809279 0.00110501 0.00280042 -0.00025372
internal_weight=113 75 21 54 38 20
internal_count=113 75 21 54 38 20
is_linear=0
shrinkage=0.04


Tree=110
num_leaves=4
num_cat=0
split_feature=9 1 2
split_gain=0.269399 0.410278 0.44095
threshold=0.82265392432647111 65.450000000000017 18.500000000000004
decision_type=2 2 2
left_child=-1 -2 -3
right_child=1 2 -4
leaf_value=-0.006235958538433113 0.0067162866540105143 -0.0078740554403614344 0.00063303737759822084
leaf_weight=9.9999999999999982 14.999999999999998 10.999999999999998 77
leaf_count=10 15 11 77
internal_value=0 0.000609322 -0.000392677
internal_weight=113 103 88
internal_count=113 103 88
is_linear=0
shrinkage=0.04


Tree=111
num_leaves=4
num_cat=0
split_feature=9 8 6
split_gain=0.263592 0.409712 0.606369
threshold=1.9751371947001426 1561.0000000000002 25.500000000000004
decision_type=2 2 2
left_child=1 -1 -3
right_child=-2 2 -4
leaf_value=-0.0073057062457536018 0.0053339961535148039 0.0063817509790113315 -0.0015294550808189796
leaf_weight=12.999999999999998 12.999999999999998 20 67
leaf_count=13 13 20 67
internal_value=0 -0.00069988 0.000248528
internal_weight=113 100 87
internal_count=113 100 87
is_linear=0
shrinkage=0.04


Tree=112
num_leaves=4
num_cat=0
split_feature=9 1 6
split_gain=0.246755 0.391251 0.436497
threshold=0.82265392432647111 65.450000000000017 23.500000000000004
decision_type=2 2 2
left_child=-1 -2 -3
right_child=1 2 -4
leaf_value=-0.0059682041760718467 0.0065475560147438619 0.0066007695217763099 -0.0015587694647277704
leaf_weight=9.9999999999999982 14.999999999999998 11.999999999999998 76
leaf_count=10 15 12 76
internal_value=0 0.000583075 -0.000394473
internal_weight=113 103 88
internal_count=113 103 88
is_linear=0
shrinkage=0.04


Tree=113
num_leaves=5
num_cat=0
split_feature=8 6 9 4
split_gain=0.24792 0.418564 0.510198 0.153244
threshold=1561.0000000000002 25.500000000000004 1.6676798957981884 3.5000000000000004
decision_type=2 2 2 2
left_child=-1 3 -3 -2
right_child=1 2 -4 -5
leaf_value=-0.0044388699200418255 0.0090618149439493784 -0.0026047445827598148 0.004958392214712672 0.0018017919804598837
leaf_weight=17 11.000000000000002 55 19 10.999999999999998
leaf_count=17 11 55 19 11
internal_value=0 0.000788449 -0.000604806 0.00563738
internal_weight=113 96 74 22
internal_count=113 96 74 22
is_linear=0
shrinkage=0.04


Tree=114
num_leaves=5
num_cat=0
split_feature=8 8 7 1
split_gain=0.243151 0.545936 0.458565 0.425533
threshold=3195.0000000000005 3375.0000000000005 72.500000000000014 69.100000000000009
decision_type=2 2 2 2
left_child=2 -2 3 -1
right_child=1 -3 -4 -5
leaf_value=-0.0025400651334229756 0.0095987258358927793 -0.0024825142464927723 -0.0078646274172622741 0.0034044416219904151
leaf_weight=41 12 11 12.999999999999998 36
leaf_count=41 12 11 13 36
internal_value=0 0.00366185 -0.000938102 0.000188115
internal_weight=113 23 90 77
internal_count=113 23 90 77
is_linear=0
shrinkage=0.04


Tree=115
num_leaves=5
num_cat=0
split_feature=8 6 1 9
split_gain=0.225612 0.429287 0.387644 0.0716494
threshold=3289.5000000000005 33.500000000000007 69.100000000000009 1.3511873304104436
decision_type=2 2 2 2
left_child=1 2 -1 -2
right_child=3 -3 -4 -5
leaf_value=-0.0024387096210695585 0.0063128687721667881 -0.0075524435744030788 0.0031161137874169114 0.00093777403087899245
leaf_weight=41 10.000000000000002 12.999999999999998 39 9.9999999999999982
leaf_count=41 10 13 39 10
internal_value=0 -0.00083059 0.000219839 0.00384236
internal_weight=113 93 80 20
internal_count=113 93 80 20
is_linear=0
shrinkage=0.04


Tree=116
num_leaves=4
num_cat=0
split_feature=9 1 8
split_gain=0.220038 0.41172 0.557158
threshold=1.9751371947001426 73.050000000000011 3289.5000000000005
decision_type=2 2 2
left_child=1 2 -1
right_child=-2 -3 -4
leaf_value=-0.00088247671800422442 0.0048755279865883693 -0.0063065969490865518 0.008084269290548245
leaf_weight=70 12.999999999999998 17 12.999999999999998
leaf_count=70 13 17 13
internal_value=0 -0.000637368 0.000481857
internal_weight=113 100 83
internal_count=113 100 83
is_linear=0
shrinkage=0.04


Tree=117
num_leaves=4
num_cat=0
split_feature=8 13 6
split_gain=0.214893 0.420604 0.656376
threshold=1561.0000000000002 1.0000000180025095e-35 25.500000000000004
decision_type=2 2 2
left_child=-1 2 -2
right_child=1 -3 -4
leaf_value=-0.0041307474733793242 0.0092123534842191834 -0.0048863662256483443 9.4500838110309025e-05
leaf_weight=17 15.999999999999998 17 63
leaf_count=17 16 17 63
internal_value=0 0.000735952 0.00200104
internal_weight=113 96 79
internal_count=113 96 79
is_linear=0
shrinkage=0.04


Tree=118
num_leaves=7
num_cat=0
split_feature=9 1 4 2 1 7
split_gain=0.218191 0.723382 1.06876 0.339357 0.228513 0.148266
threshold=1.4872193407669003 71.350000000000009 4.5000000000000009 14.500000000000002 71.750000000000014 20.500000000000004
decision_type=2 2 2 2 2 2
left_child=1 3 -3 -1 5 -2
right_child=4 2 -4 -5 -6 -7
leaf_value=-0.0043487823919485542 -0.003892883650940095 -0.016136795663618825 0.0015527510170889375 0.0029811471323154121 0.0057366633810391077 0.002915930458814791
leaf_weight=12.999999999999998 10.000000000000002 11.000000000000002 9.9999999999999982 41 18 9.9999999999999982
leaf_count=13 10 11 10 41 18 10
internal_value=0 -0.00125006 -0.00755619 0.00113782 0.00246631 -0.000291902
internal_weight=113 75 21 54 38 20
internal_count=113 75 21 54 38 20
is_linear=0
shrinkage=0.04


Tree=119
num_leaves=7
num_cat=0
split_feature=9 1 9 9 1 7
split_gain=0.200997 0.665666 0.604968 0.3141 0.210645 0.136809
threshold=1.4872193407669003 71.350000000000009 1.1803016117415519 1.1803016117415519 71.750000000000014 20.500000000000004
decision_type=2 2 2 2 2 2
left_child=1 3 -3 -1 5 -2
right_child=4 2 -4 -5 -6 -7
leaf_value=-0.0017476148918367177 -0.003738710161040324 -0.00037688924922599432 -0.014333969124472967 0.0042925813896902672 0.0055084645287108028 0.002800448023446716
leaf_weight=28 10.000000000000002 11.000000000000002 9.9999999999999982 26 18 9.9999999999999982
leaf_count=28 10 11 10 26 18 10
internal_value=0 -0.00119878 -0.00724913 0.00108925 0.00236816 -0.00027246
internal_weight=113 75 21 54 38 20
internal_count=113 75 21 54 38 20
is_linear=0
shrinkage=0.04


end of trees

feature_importances:
team_ppm=135
Age=131
Min=85
GA90=74
Save%=45
is_premier_league=33
Age_sq=21
league_serie_a=12
CS%=11
PKA=7
PKsv=6
PKm=4
league_ligue_1=3

parameters:
[boosting: gbdt]
[objective: regression]
[metric: l2]
[tree_learner: serial]
[device_type: cpu]
[data_sample_strategy: bagging]
[data: ]
[valid: ]
[num_iterations: 120]
[learning_rate: 0.04]
[num_leaves: 7]
[num_threads: 8]
[seed: 42]
[deterministic: 0]
[force_col_wise: 0]
[force_row_wise: 0]
[histogram_pool_size: -1]
[max_depth: 3]
[min_data_in_leaf: 10]
[min_sum_hessian_in_leaf: 0.001]
[bagging_fraction: 0.8]
[pos_bagging_fraction: 1]
[neg_bagging_fraction: 1]
[bagging_freq: 0]
[bagging_seed: 400]
[bagging_by_query: 0]
[feature_fraction: 0.8]
[feature_fraction_bynode: 1]
[feature_fraction_seed: 30056]
[extra_trees: 0]
[extra_seed: 12879]
[early_stopping_round: 0]
[early_stopping_min_delta: 0]
[first_metric_only: 0]
[max_delta_step: 0]
[lambda_l1: 0.1]
[lambda_l2: 0.1]
[linear_lambda: 0]
[min_gain_to_split: 0]
[drop_rate: 0.1]
[max_drop: 50]
[skip_drop: 0.5]
[xgboost_dart_mode: 0]
[uniform_drop: 0]
[drop_seed: 17869]
[top_rate: 0.2]
[other_rate: 0.1]
[min_data_per_group: 100]
[max_cat_threshold: 32]
[cat_l2: 10]
[cat_smooth: 10]
[max_cat_to_onehot: 4]
[top_k: 20]
[monotone_constraints: ]
[monotone_constraints_method: basic]
[monotone_penalty: 0]
[feature_contri: ]
[forcedsplits_filename: ]
[refit_decay_rate: 0.9]
[cegb_tradeoff: 1]
[cegb_penalty_split: 0]
[cegb_penalty_feature_lazy: ]
[cegb_penalty_feature_coupled: ]
[path_smooth: 0]
[interaction_constraints: ]
[verbosity: -1]
[saved_feature_importance_type: 0]
[use_quantized_grad: 0]
[num_grad_quant_bins: 4]
[quant_train_renew_leaf: 0]
[stochastic_rounding: 1]
[linear_tree: 0]
[max_bin: 255]
[max_bin_by_feature: ]
[min_data_in_bin: 3]
[bin_construct_sample_cnt: 200000]
[data_random_seed: 175]
[is_enable_sparse: 1]
[enable_bundle: 1]
[use_missing: 1]
[zero_as_missing: 0]
[feature_pre_filter: 1]
[pre_partition: 0]
[two_round: 0]
[header: 0]
[label_column: ]
[weight_column: ]
[group_column: ]
[ignore_column: ]
[categorical_feature: ]
[forcedbins_filename: ]
[precise_float_parser: 0]
[parser_config_file: ]
[objective_seed: 16083]
[num_class: 1]
[is_unbalance: 0]
[scale_pos_weight: 1]
[sigmoid: 1]
[boost_from_average: 1]
[reg_sqrt: 0]
[alpha: 0.9]
[fair_c: 1]
[poisson_max_delta_step: 0.7]
[tweedie_variance_power: 1.5]
[lambdarank_truncation_level: 30]
[lambdarank_norm: 1]
[label_gain: ]
[lambdarank_position_bias_regularization: 0]
[eval_at: ]
[multi_error_top_k: 1]
[auc_mu_weights: ]
[num_machines: 1]
[local_listen_port: 12400]
[time_out: 120]
[machine_list_filename: ]
[machines: ]
[gpu_platform_id: -1]
[gpu_device_id: -1]
[gpu_device_id_list: ]
[gpu_use_dp: 0]
[num_gpu: 1]

end of parameters

pandas_categorical:[]
